
SUMMARISING RUN PARAMETERS
==========================
Input filename: SRX6700167_1.fastq.gz
Trimming mode: paired-end
Trim Galore version: 0.6.10
Cutadapt version: 4.4
Python version: could not detect
Number of cores used for trimming: 4
Quality Phred score cutoff: 20
Quality encoding type selected: ASCII+33
Using Illumina adapter for trimming (count: 127283). Second best hit was Nextera (count: 268)
Adapter sequence: 'AGATCGGAAGAGC' (Illumina TruSeq, Sanger iPCR; auto-detected)
Maximum trimming error rate: 0.1 (default)
Minimum required adapter overlap (stringency): 1 bp
Minimum required sequence length for both reads before a sequence pair gets removed: 20 bp
Running FastQC on the data once trimming has completed
Output file will be GZIP compressed


This is cutadapt 4.4 with Python 3.7.16
Command line parameters: -j 4 -e 0.1 -q 20 -O 1 -a AGATCGGAAGAGC SRX6700167_1.fastq.gz
Processing single-end reads on 4 cores ...
Finished in 234.229 s (6.656 µs/read; 9.01 M reads/minute).

=== Summary ===

Total reads processed:              35,190,572
Reads with adapters:                15,925,682 (45.3%)
Reads written (passing filters):    35,190,572 (100.0%)

Total basepairs processed: 4,434,012,072 bp
Quality-trimmed:              51,853,735 bp (1.2%)
Total written (filtered):  4,234,800,907 bp (95.5%)

=== Adapter 1 ===

Sequence: AGATCGGAAGAGC; Type: regular 3'; Length: 13; Trimmed: 15925682 times

Minimum overlap: 1
No. of allowed errors:
1-9 bp: 0; 10-13 bp: 1

Bases preceding removed adapters:
  A: 26.8%
  C: 27.4%
  G: 28.9%
  T: 16.8%
  none/other: 0.0%

Overview of removed sequences
length	count	expect	max.err	error counts
1	6813993	8797643.0	0	6813993
2	1621486	2199410.8	0	1621486
3	714653	549852.7	0	714653
4	302887	137463.2	0	302887
5	277955	34365.8	0	277955
6	270364	8591.4	0	270364
7	290551	2147.9	0	290551
8	221933	537.0	0	221933
9	267028	134.2	0	266470 558
10	233083	33.6	1	228895 4188
11	178380	8.4	1	175117 3263
12	240788	2.1	1	236782 4006
13	245428	0.5	1	240879 4549
14	186511	0.5	1	183004 3507
15	231821	0.5	1	226981 4840
16	178008	0.5	1	174091 3917
17	225556	0.5	1	219832 5724
18	227065	0.5	1	222348 4717
19	167961	0.5	1	164624 3337
20	221908	0.5	1	217360 4548
21	148212	0.5	1	145511 2701
22	173500	0.5	1	170098 3402
23	164346	0.5	1	161444 2902
24	172485	0.5	1	168841 3644
25	199496	0.5	1	195184 4312
26	94897	0.5	1	92874 2023
27	149141	0.5	1	145827 3314
28	166596	0.5	1	163046 3550
29	108112	0.5	1	105690 2422
30	113560	0.5	1	111549 2011
31	116299	0.5	1	113861 2438
32	132835	0.5	1	130373 2462
33	67486	0.5	1	65814 1672
34	106351	0.5	1	104130 2221
35	80531	0.5	1	79111 1420
36	65711	0.5	1	64523 1188
37	81032	0.5	1	79190 1842
38	81067	0.5	1	79465 1602
39	52816	0.5	1	51988 828
40	90608	0.5	1	89084 1524
41	23791	0.5	1	23309 482
42	70665	0.5	1	69484 1181
43	82587	0.5	1	81264 1323
44	9241	0.5	1	8931 310
45	19132	0.5	1	18776 356
46	8232	0.5	1	8046 186
47	23629	0.5	1	23227 402
48	20175	0.5	1	19898 277
49	22675	0.5	1	22345 330
50	16281	0.5	1	16098 183
51	17677	0.5	1	17387 290
52	13069	0.5	1	12898 171
53	14523	0.5	1	14309 214
54	14834	0.5	1	14596 238
55	12950	0.5	1	12752 198
56	6114	0.5	1	5989 125
57	10789	0.5	1	10545 244
58	6140	0.5	1	5856 284
59	5691	0.5	1	5568 123
60	6082	0.5	1	5993 89
61	4100	0.5	1	4035 65
62	3227	0.5	1	3181 46
63	5461	0.5	1	5398 63
64	2871	0.5	1	2836 35
65	2926	0.5	1	2857 69
66	2630	0.5	1	2567 63
67	2011	0.5	1	1968 43
68	1776	0.5	1	1747 29
69	1575	0.5	1	1546 29
70	1401	0.5	1	1378 23
71	1258	0.5	1	1232 26
72	1146	0.5	1	1121 25
73	1129	0.5	1	1084 45
74	1144	0.5	1	1068 76
75	1566	0.5	1	1272 294
76	2295	0.5	1	2210 85
77	664	0.5	1	613 51
78	181	0.5	1	150 31
79	85	0.5	1	51 34
80	139	0.5	1	26 113
81	30	0.5	1	9 21
82	11	0.5	1	5 6
83	10	0.5	1	4 6
84	12	0.5	1	4 8
85	9	0.5	1	2 7
86	31	0.5	1	1 30
87	35	0.5	1	4 31
88	17	0.5	1	0 17
89	21	0.5	1	0 21
90	20	0.5	1	0 20
91	80	0.5	1	0 80
92	74	0.5	1	1 73
93	86	0.5	1	0 86
94	135	0.5	1	1 134
95	220	0.5	1	0 220
96	30	0.5	1	1 29
97	25	0.5	1	0 25
98	35	0.5	1	0 35
99	63	0.5	1	0 63
100	120	0.5	1	0 120
101	10	0.5	1	0 10
102	10	0.5	1	0 10
103	2	0.5	1	0 2
104	22	0.5	1	0 22
105	15	0.5	1	1 14
106	19	0.5	1	0 19
107	9	0.5	1	0 9
108	3	0.5	1	1 2
109	2	0.5	1	0 2
110	4	0.5	1	0 4
111	11	0.5	1	0 11
112	8	0.5	1	0 8
113	13	0.5	1	0 13
114	11	0.5	1	0 11
115	26	0.5	1	1 25
116	16	0.5	1	0 16
117	23	0.5	1	1 22
118	17	0.5	1	1 16
119	16	0.5	1	0 16
120	17	0.5	1	0 17
121	34	0.5	1	0 34
122	14	0.5	1	0 14
123	7	0.5	1	1 6
124	4	0.5	1	0 4
125	1	0.5	1	0 1
126	2	0.5	1	0 2

RUN STATISTICS FOR INPUT FILE: SRX6700167_1.fastq.gz
=============================================
35190572 sequences processed in total

