
SUMMARISING RUN PARAMETERS
==========================
Input filename: SRX6922022_1.fastq.gz
Trimming mode: paired-end
Trim Galore version: 0.6.10
Cutadapt version: 4.4
Python version: could not detect
Number of cores used for trimming: 4
Quality Phred score cutoff: 20
Quality encoding type selected: ASCII+33
Using Illumina adapter for trimming (count: 29878). Second best hit was Nextera (count: 3)
Adapter sequence: 'AGATCGGAAGAGC' (Illumina TruSeq, Sanger iPCR; auto-detected)
Maximum trimming error rate: 0.1 (default)
Minimum required adapter overlap (stringency): 1 bp
Minimum required sequence length for both reads before a sequence pair gets removed: 20 bp
Running FastQC on the data once trimming has completed
Output file will be GZIP compressed


This is cutadapt 4.4 with Python 3.7.16
Command line parameters: -j 4 -e 0.1 -q 20 -O 1 -a AGATCGGAAGAGC SRX6922022_1.fastq.gz
Processing single-end reads on 4 cores ...
Finished in 82.563 s (8.190 µs/read; 7.33 M reads/minute).

=== Summary ===

Total reads processed:              10,081,474
Reads with adapters:                 3,521,975 (34.9%)
Reads written (passing filters):    10,081,474 (100.0%)

Total basepairs processed: 1,512,221,100 bp
Quality-trimmed:               4,270,589 bp (0.3%)
Total written (filtered):  1,490,956,835 bp (98.6%)

=== Adapter 1 ===

Sequence: AGATCGGAAGAGC; Type: regular 3'; Length: 13; Trimmed: 3521975 times

Minimum overlap: 1
No. of allowed errors:
1-9 bp: 0; 10-13 bp: 1

Bases preceding removed adapters:
  A: 30.9%
  C: 31.8%
  G: 20.1%
  T: 17.1%
  none/other: 0.1%

Overview of removed sequences
length	count	expect	max.err	error counts
1	2330837	2520368.5	0	2330837
2	562958	630092.1	0	562958
3	158459	157523.0	0	158459
4	47853	39380.8	0	47853
5	24245	9845.2	0	24245
6	14000	2461.3	0	14000
7	11986	615.3	0	11986
8	11518	153.8	0	11518
9	10787	38.5	0	10615 172
10	11350	9.6	1	10699 651
11	10911	2.4	1	10401 510
12	10641	0.6	1	10204 437
13	10374	0.2	1	9768 606
14	9918	0.2	1	9533 385
15	9615	0.2	1	9252 363
16	9420	0.2	1	9050 370
17	9479	0.2	1	9042 437
18	9806	0.2	1	9377 429
19	8809	0.2	1	8463 346
20	8834	0.2	1	8514 320
21	8797	0.2	1	8440 357
22	8641	0.2	1	8306 335
23	8006	0.2	1	7676 330
24	7657	0.2	1	7377 280
25	7653	0.2	1	7379 274
26	7196	0.2	1	6942 254
27	7243	0.2	1	7005 238
28	7493	0.2	1	7193 300
29	7733	0.2	1	7437 296
30	7391	0.2	1	7101 290
31	6567	0.2	1	6371 196
32	6296	0.2	1	6092 204
33	5986	0.2	1	5792 194
34	5929	0.2	1	5698 231
35	5811	0.2	1	5616 195
36	5009	0.2	1	4846 163
37	4755	0.2	1	4614 141
38	4697	0.2	1	4574 123
39	4329	0.2	1	4199 130
40	4563	0.2	1	4418 145
41	4478	0.2	1	4358 120
42	3786	0.2	1	3672 114
43	5589	0.2	1	5418 171
44	2311	0.2	1	2221 90
45	3149	0.2	1	3053 96
46	3119	0.2	1	3013 106
47	2862	0.2	1	2777 85
48	2748	0.2	1	2650 98
49	2348	0.2	1	2290 58
50	2347	0.2	1	2260 87
51	2376	0.2	1	2280 96
52	2346	0.2	1	2248 98
53	2271	0.2	1	2179 92
54	1888	0.2	1	1803 85
55	1846	0.2	1	1782 64
56	1659	0.2	1	1597 62
57	1517	0.2	1	1454 63
58	1622	0.2	1	1558 64
59	1376	0.2	1	1299 77
60	1182	0.2	1	1135 47
61	1467	0.2	1	1401 66
62	1326	0.2	1	1271 55
63	1096	0.2	1	1047 49
64	1313	0.2	1	1273 40
65	1128	0.2	1	1082 46
66	1150	0.2	1	1103 47
67	1332	0.2	1	1282 50
68	1688	0.2	1	1592 96
69	4759	0.2	1	2299 2460
70	19564	0.2	1	18745 819
71	4878	0.2	1	4672 206
72	1683	0.2	1	1520 163
73	789	0.2	1	706 83
74	541	0.2	1	492 49
75	469	0.2	1	417 52
76	414	0.2	1	381 33
77	540	0.2	1	509 31
78	457	0.2	1	420 37
79	476	0.2	1	453 23
80	473	0.2	1	451 22
81	608	0.2	1	583 25
82	524	0.2	1	496 28
83	631	0.2	1	610 21
84	750	0.2	1	736 14
85	411	0.2	1	392 19
86	393	0.2	1	376 17
87	614	0.2	1	598 16
88	607	0.2	1	583 24
89	277	0.2	1	262 15
90	153	0.2	1	133 20
91	104	0.2	1	91 13
92	117	0.2	1	108 9
93	134	0.2	1	119 15
94	83	0.2	1	69 14
95	65	0.2	1	56 9
96	101	0.2	1	88 13
97	78	0.2	1	68 10
98	80	0.2	1	73 7
99	91	0.2	1	76 15
100	83	0.2	1	66 17
101	65	0.2	1	54 11
102	62	0.2	1	49 13
103	75	0.2	1	65 10
104	64	0.2	1	53 11
105	96	0.2	1	86 10
106	80	0.2	1	73 7
107	65	0.2	1	58 7
108	65	0.2	1	51 14
109	86	0.2	1	65 21
110	69	0.2	1	53 16
111	69	0.2	1	57 12
112	89	0.2	1	66 23
113	101	0.2	1	85 16
114	79	0.2	1	66 13
115	87	0.2	1	68 19
116	86	0.2	1	74 12
117	85	0.2	1	72 13
118	107	0.2	1	84 23
119	113	0.2	1	98 15
120	100	0.2	1	86 14
121	118	0.2	1	97 21
122	141	0.2	1	120 21
123	123	0.2	1	116 7
124	128	0.2	1	114 14
125	159	0.2	1	149 10
126	408	0.2	1	391 17
127	681	0.2	1	656 25
128	595	0.2	1	581 14
129	225	0.2	1	205 20
130	130	0.2	1	119 11
131	82	0.2	1	79 3
132	112	0.2	1	111 1
133	122	0.2	1	114 8
134	97	0.2	1	89 8
135	67	0.2	1	61 6
136	92	0.2	1	87 5
137	102	0.2	1	88 14
138	67	0.2	1	59 8
139	53	0.2	1	35 18
140	60	0.2	1	42 18
141	48	0.2	1	28 20
142	16	0.2	1	10 6
143	17	0.2	1	2 15
144	28	0.2	1	8 20
145	18	0.2	1	5 13
146	34	0.2	1	6 28
147	18	0.2	1	2 16
148	23	0.2	1	4 19
149	62	0.2	1	15 47
150	687	0.2	1	104 583

RUN STATISTICS FOR INPUT FILE: SRX6922022_1.fastq.gz
=============================================
10081474 sequences processed in total

