Sample	1.0	2.0	3.0	4.0	5.0	6.0	7.0	8.0	9.0	>100	>1k	>500	>5k	>10k+	>10	>50
Kiley_A_DZM0422_Aerobic_A										24.792239522447446	16.908675754556306	11.423090112838233	2.976522974702537	5.8760642048559975	16.495668692966063	9.342261174424223
Kiley_A_DZM0422_Aerobic_B										25.539544708681454	16.3294679124029	11.103422936621298	2.712092395688261	4.901150762912627	17.196937789670564	9.545151292608512
Kiley_A_DZM0422_Aerobic_C										25.085532709399743	16.358469563008896	11.225096285621932	2.6631455490128504	5.370881907711081	17.231421195342417	9.480165185530097
Kiley_A_DZM0422_Anaerobic_A										23.391688710866358	19.619610706009816	11.911428030540183	3.6607328354616318	5.262144387175028	14.520619382171526	8.068727487903761
Kiley_A_DZM0422_Anaerobic_B										24.15207892487095	17.758610039684193	11.58093452558599	3.0137598892419426	5.226850177264609	15.579378750109049	8.625375141467035
Kiley_A_DZM0422_Anaerobic_C										24.41330709817899	17.190265677883975	11.738701332041806	2.9540602745625923	5.548446706404258	15.929731628378994	8.636580116731762
Kiley_A_WT_Aerobic_A										22.6005355278194	19.117334833410343	9.980406325049264	4.664639632333004	8.421922913387903	13.914529165891224	8.109447309475891
Kiley_A_WT_Aerobic_B										22.725737886796445	18.534565166836124	9.920563570818556	4.41627018651119	8.192619890605524	14.545949003228955	8.507181316024873
Kiley_A_WT_Aerobic_C										22.774478514886788	20.204572576808935	10.291623304916213	5.228928513337042	8.083940396015505	13.491563861207242	8.132706056625434
Kiley_A_WT_Anaerobic_A										23.7218202277948	18.674207537942735	11.41668614107989	3.2893683918981904	5.693991588456409	15.14874459827806	8.108068209458509
Kiley_A_WT_Anaerobic_B										22.9937023058678	19.806901314529757	11.317537841738709	3.830092534587406	4.893359780650992	14.916372987411828	8.083147366850191
Kiley_A_WT_Anaerobic_C										24.931347289807658	18.282947056873695	11.624888281337173	2.9655653805188322	3.019169621287191	16.495920327074877	8.873460352994412
Kiley_B_Dfur_-O2_A										28.243953761623324	7.395445631099689	5.865498826715969	2.3472671023394995	3.2368951946152795	23.731939814853284	14.397325141006029
Kiley_B_Dfur_-O2_B										29.43247667458646	7.6525542176793016	6.292392193725303	2.143912531492826	3.0524976125716154	23.153047237762316	14.385370747078799
Kiley_B_Dfur_-O2_C										26.19551823136651	6.818154807952624	5.309349161672603	1.6883457120975245	2.8523359265888026	23.925248901386293	14.127489231784345
Kiley_B_DrsuR_-O2_A										29.754409956347594	5.726349255090161	6.031485650959088	0.0	1.3450202214462152	26.213637034033145	15.643047616990843
Kiley_B_DrsuR_-O2_B										30.743311378730926	6.5096285104434495	6.394656133044004	0.6537216842054638	1.3670291257264178	23.84137225313555	14.676236572450849
Kiley_B_DrsuR_-O2_C										32.6793572032	7.444302898724533	7.6696962717544075	1.0622184714011946	1.362704656115336	21.827651047057405	14.686468208445906
Kiley_B_WT_+O2_Ctrl_A										27.653322144573643	11.523867035971207	9.999650728084998	0.6575742033427742	1.4594964203788994	18.820628892428942	11.444742566497288
Kiley_B_WT_+O2_Ctrl_B										28.90876320252424	11.299039657876412	10.748222676244259	0.6614145303895359	1.5301646768441244	18.956883484389564	11.717217505794999
Kiley_B_WT_+O2_Ctrl_C										28.94109424041471	12.319973962906516	10.0421921159561	0.8062172206793323	1.3378626856417142	18.9521079855433	12.40801232684033
Kiley_B_WT_+O2_Paraquat_A										25.01514687609843	4.78665675731359	4.825434585239395	0.7246473574192238	1.5023747932396323	24.041354281331444	12.875863456770151
Kiley_B_WT_+O2_Paraquat_B										23.02232356501157	3.8323189580107595	4.4377937869131845	0.0	1.3512450501357673	26.879781769880335	13.631072503890362
Kiley_B_WT_+O2_Paraquat_C										30.947202031002753	6.814310634397598	6.404002048795886	1.4227358627986786	1.8749488178315086	22.594331979623913	14.12571738609094
Kiley_B_WT_-O2_Ctrl_A										30.406650256454654	14.46775427207154	12.806691670384792	2.043885101821049	0.5308353366185354	16.04443636165201	10.839237603454007
Kiley_B_WT_-O2_Ctrl_B										28.38504074791284	10.371637562696472	10.15239516658484	0.8567904165389172	0.0	19.70336785880276	11.943623164062075
Kiley_B_WT_-O2_Ctrl_C										31.165886276160066	14.70352007312427	12.378374598152567	1.7994161689287251	1.0288951225562164	15.73606644866109	10.774597156087601
Kiley_B_WT_-O2_NoFe_A										30.110204915086435	4.959142279725235	6.536315369020304	0.4189882217215062	1.1760659931408215	24.208055785992634	14.916079803450428
Kiley_B_WT_-O2_NoFe_B										32.298535336244086	7.371802589859181	7.275669435957586	0.8070253106391001	1.2628451620185919	21.685177502617563	14.766209360872834
Kiley_B_WT_-O2_NoFe_C										30.275162534485457	6.665056086012535	6.666501049814047	0.21208857575541828	1.1168366049194764	21.97822262530417	13.824119315293718
Kiley_B_WT_-O2_NoFe_DIP_A										27.769352222324077	4.59451806782771	5.2934795295132355	0.0	1.1230486382781864	26.51977436786917	15.428687747739136
Kiley_B_WT_-O2_NoFe_DIP_B										31.45192289037916	7.203736171019587	6.991631586029086	0.47615746311638213	1.3433431278563461	22.758603560379896	15.035881840854199
Kiley_B_WT_-O2_NoFe_DIP_C										34.800920554814965	9.632982901798753	9.599973443193857	1.3006229213010034	1.4545204923419086	18.776793243124388	13.532119198624098
Kiley_B_WT_-O2_Peroxide_A										31.457316533343583	16.844028049970497	12.266758116867175	1.9165292098051094	0.9562511951530376	14.928593896121239	10.705378595427877
Kiley_B_WT_-O2_Peroxide_C										31.76469000210329	13.070775911163397	10.799919064662491	0.5508054228331767	1.0194762413157568	18.005333796452376	12.31341845476778
SRX10341586										19.380647163197857	4.218740125270268	4.455037910999643	0.34163903531501266	0.18031798096128895	25.916718649868546	10.3238392237477
SRX10341587										18.676030896708724	5.499029801998012	5.268370335539409	0.4847572984932872	0.24391037226609524	23.52294685449832	9.145546653154343
SRX10341588										18.38359254015126	3.6819566176463785	4.525840667202787	0.47110045674587037	0.27250777316872493	26.2044693742635	10.45202774752549
SRX10341589										13.482785702315352	4.169867951399167	2.4652875428205085	3.115093098808633	9.063414806348323	24.763535298342017	9.133435152569207
SRX10341590										19.43208756356243	4.794229718753322	5.2204653052731445	1.3422574929593718	3.608273487545393	21.867760539205896	9.223411015028493
SRX10341591										18.780844630337878	3.7678812183949137	4.551965120157839	0.6792876931377823	2.3694318972784183	23.786509675872672	9.69361109346672
SRX10341592										21.203610094992474	5.418666322159353	6.212178151441267	0.17110364817885115	0.44779498312228805	23.858780358127508	9.582104977008555
SRX10341593										20.6696746904166	5.281837928556631	5.54051921882708	0.1648813377500766	0.4647002801022835	24.399472796182984	9.589002592106993
SRX10341594										20.92538004880332	6.192492196251477	5.937492468311732	0.5857501911651809	0.48796792334584893	24.140122897068462	9.754112757698698
SRX10341595										21.90060819627233	5.793332426924572	6.517078587380727	0.2289777919853201	0.27366442205916836	23.87366284587069	9.651330705056395
SRX10341596										20.3621384741027	5.382185353226399	5.691882402655255	0.30508168121439094	0.29999893394023314	24.71950499440262	9.664988171701719
SRX10341597										20.00542632267779	4.159288118434916	5.211638124303991	0.189760931482361	0.15416270499042645	24.990842724072426	9.594614771379772
SRX11348531										21.286614714953245	8.274170551125334	6.644231960418846	0.536321494520911	1.7248287399812823	21.95035961198525	9.416574945577675
SRX11348532										20.73749219739767	7.772911952258002	6.263523255158397	0.7484911090694846	1.6324306403945288	23.70016429683773	10.053218922148051
SRX1432806										17.542398037917984	28.05571046344198	9.851109741138607	10.547181209433203	4.668205965755227	9.965380954764127	5.650817993558841
SRX14563846										21.362836873836937	20.85401003440582	9.442669649240951	6.910689985720139	11.13480580677422	12.182952050881944	7.348031675541942
SRX14563847										21.752099191392794	20.443287146504613	9.58025640744641	7.09856548274482	8.643631248367209	13.241228326028123	7.66979861032919
SRX14563848										23.47219207871212	14.367427129447693	10.26301547370364	2.5169713968631506	2.0125909526401675	18.597690848771855	8.882811936050688
SRX14563849										25.26993968545789	14.568279825850947	10.520221499489761	2.210020709352635	1.011286119728826	18.231330734930644	9.35431983311559
SRX14570260										22.615563602866896	7.858675980669676	7.259130541407778	0.3694749380314006	0.35243929934815876	23.844764557091228	10.425530652928721
SRX14570261										21.703542172214547	6.05085372382594	6.361773633638669	0.32695238019082207	0.2778579533861434	24.78269704323153	10.506108165517887
SRX14570262										22.34444115775244	6.67823476730273	6.690590409466787	0.3422329682113751	0.39036297792622643	24.413244133386165	10.678063935217667
SRX14570263										23.0931430417209	9.165007198311184	8.27539013713336	0.7102691036496881	0.24827158943449448	22.111111118611586	10.047233459103706
SRX14570264										23.35361190055565	9.202092514719663	8.34272930195518	0.8244286543384799	0.24362479268422074	22.22710171206141	10.003441482290242
SRX14570265										21.59700228906495	8.763594068375538	7.580516622205799	0.8748205100532455	1.1651658274796484	23.243073859113213	10.030608750367467
SRX14570266										21.4094691031476	8.125979558396143	6.841008418079395	0.6836337096085127	1.6401382606942867	23.22593645116319	10.089339830520675
SRX14570267										23.76117439767247	10.197084952161527	8.463182559590132	0.9179194605352582	0.7171126452394905	21.419615183879174	10.191541465218545
SRX14570268										26.663349530887796	3.804720797893382	5.5421042747626315	0.13014298499451404	0.12656151562641366	25.30405042738163	12.01473158385329
SRX14570269										19.49981655253003	2.0134061267545666	3.0300417848580286	0.23561524309719592	0.0	30.28469298162097	11.720726630439113
SRX14570270										21.7748070592595	6.835551726784773	6.54907954610742	0.5432134852222441	0.22367379742268714	24.60044653878293	10.615777769830256
SRX14570271										20.958952929761164	5.562092543976637	5.995692314262114	0.6185053598170699	0.1264890308615116	25.370414490063986	10.7794950589763
SRX14570272										22.89188088759905	7.802756266017886	7.249907419936016	0.5735043388178229	0.2505517663760594	22.893651816777403	9.967641795376736
SRX14570273										23.11804724518813	7.849581433206361	7.4850703314609826	0.552905415786147	0.23985520771783478	22.68966374892386	10.095533357587879
SRX14570274										23.273734876868183	7.992035527841736	7.403782316992609	0.9566599302170393	0.27227725528259117	22.727559811934455	10.128619004565595
SRX14570275										22.936012327590227	7.797151677337453	7.542127120822978	0.720565242433723	0.2695759300685874	22.96947087794889	9.993037709837079
SRX14570276										22.701762274329777	7.695650727318508	7.531653168316513	0.6705320410361073	0.2807570206683534	22.848435117835386	10.049949284510014
SRX14570277										23.545138947972486	10.286401114343315	8.549719439559638	0.8250501425518808	0.5684569571633981	21.502730395371525	9.85220926844039
SRX14953908										11.983093533869837	22.653169302740373	6.864733535251166	12.207446239161891	22.35413978916894	9.779712723809267	4.341877424767955
SRX14953909										25.138472034465455	17.247597144508717	11.138784503277227	2.5402952673220165	2.413018065641141	18.443114623667668	9.597430576496498
SRX14953910										20.33784714822864	21.80991815094286	10.60489041341343	5.441712299093501	5.070572588763048	14.871019902384106	7.251752607556485
SRX14953911										25.917845891760482	16.45937587972081	11.554127336523347	2.044346913139381	2.348137483197414	17.440597167132985	9.336360774120292
SRX14953912										7.966317775900429	24.6011935163203	5.385555432366977	15.59517874526131	24.51257910118528	7.505004875123353	2.8160324743998855
SRX14953913										23.928398950963107	16.684208199173924	10.158133678304605	3.1794309367831084	4.6428522488545285	17.08737751029621	8.885888593277027
SRX14953914										6.673721855565056	26.75997854073039	5.602804986443156	16.586360430178434	23.40778457408656	6.905968164632205	2.248866192332287
SRX14953915										7.142660757451479	25.59030640732628	5.680077736274121	15.962448296683887	24.11089177402765	6.99412878096669	2.5384350340913993
SRX14953916										13.413302070105928	23.840446230708643	7.567936981078202	10.131863600099834	13.613986731423816	11.426359893542864	5.040905261414164
SRX14953917										24.989031994323113	16.7456027215492	11.118647889637348	2.347450191001682	2.642669904476105	18.088576666239007	9.298236062375906
SRX14953918										24.57394237925078	18.048027938458155	10.830503881368864	2.940101998972535	3.1486436397941047	18.097197466508437	9.328914202694694
SRX14953919										10.801513112292968	22.80060847108529	6.372022289743287	12.517600342593893	23.374903919275066	9.56324576608373	3.901860301708932
SRX14953920										7.3177584192746075	23.231546772087043	5.011898958336687	13.84629343558689	30.765089306745548	7.540362272468566	2.8890987027372215
SRX14953921										14.212485585484004	22.858385347196926	7.370124033824263	10.683411782011849	16.594483353593734	11.250066336196284	5.205067934980559
SRX14953922										6.22185255206818	22.30807841727343	4.365722298737177	14.559340437623366	34.77772027451492	6.662951745461363	2.435088800538539
SRX14953923										10.240808070906729	22.080745040314945	5.752102641850735	11.395523077391083	23.817149773284314	10.374845336661453	4.133455322296948
SRX14953924										23.70053458648371	15.115407235676209	9.387161278864848	2.9708195690053714	2.9065217892330875	19.71903618290491	9.91985903173227
SRX14953925										5.783936735296511	24.213724564676745	4.609230362784858	15.567513216854287	32.48847447912474	6.096030744433351	2.0345872610155786
SRX14953926										16.503395675896357	21.73791374576482	8.421360874536388	7.480466409343977	8.71076371337719	14.54071945146936	6.37675283967399
SRX14953927										8.514974884734992	23.25254817611655	5.677780108900655	12.603231835785822	27.524191431699034	8.51882819468726	3.2362909464170224
SRX14953928										4.692411799753233	22.98905851776409	4.355507805644229	15.887933582840628	31.593623015054995	6.450676434385848	1.6525327342670835
SRX14953929										6.97241479321108	28.104717195142726	6.091991587558901	13.978399762825456	19.96148122784145	7.477444617976574	2.3655967034958025
SRX14953930										17.95791693960457	17.291702140011274	8.11939221368517	5.195378667498194	5.468014487453164	19.061444285732367	7.852629872404925
SRX14953931										6.0198285038636685	27.683882304636242	5.809211524987298	15.083771695414555	28.012347686910676	5.081489020170283	1.6546459699252662
SRX14953932										4.6388527741851835	28.27868655053883	5.36395765563737	16.62369785125636	32.15753493658602	3.8872395469261023	1.1273741423593877
SRX18804540										23.498653859776198	5.467300592271082	6.949863554065293	0.9181551788580418	0.1398784157472865	24.5803752525054	10.642381900004182
SRX18804541										23.248258329330163	5.354136228377831	6.988020816846964	0.946331920527028	0.2673654050183976	24.494446918779232	10.337617085573925
SRX18804542										24.73356467330282	6.081888923413262	7.651103804428147	0.5975625215182525	0.23051643599267332	23.40179044427633	10.581772634109333
SRX18804543										21.521366171210573	5.834567566838189	7.223209122998813	1.0285985386812266	0.16645384935136592	22.289212249141	9.541609202389042
SRX18804544										21.273845367963652	8.145677061197905	7.575427679420824	1.0083081654270225	1.143079337384509	22.110785651435997	9.192244475491927
SRX18804545										20.134856791789886	6.082679511664401	6.467219714074861	0.7797060412612726	1.2372777396257175	23.301862241984743	9.176562924269788
SRX18804546										19.366168276654932	5.0983331791136886	5.02662939122076	1.181862774292323	0.5104124592011009	26.16075566216342	10.191710109327214
SRX18804547										23.842123793268964	12.147391190942322	8.802650792611786	1.9025739175912413	1.2135979979811444	18.994802779692034	9.275238289698907
SRX18804548										18.83298981893906	5.661931178906182	5.557140640286274	1.4187907431805145	1.0031037075973948	23.92699072181849	9.259516177000515
SRX18804549										29.54546802818357	3.3945470157360838	6.728420803973151	0.19971373516364374	0.1432454732764499	20.279779465420027	11.18279777323431
SRX18804550										19.703799356645053	4.450889025336794	5.82461607819828	0.22500627000525716	0.2651656169302461	19.28340734419165	8.154016482338708
SRX18804551										23.186886188996947	5.693028706506522	7.595182189718037	0.5805064021279798	0.7008584648264559	19.88602091013077	9.248584850904559
SRX18804552										18.83125651022527	4.203112821025406	5.425698507407054	0.2508000346151947	0.0	19.47968592360757	7.934512015592269
SRX18804553										21.168767015590543	5.114691900234892	6.184276343870381	0.5657569643792333	0.2898799828758842	20.33221895642566	8.833569197973823
SRX18804554										21.370093340575412	5.97877664563033	6.715041375825607	0.21553471057696819	0.0	20.506029354550392	9.092756315971782
SRX19817112										10.582085478323451	2.0906548835727947	2.71067587684349	0.23740638580023463	0.0	15.325398599427848	5.4119437147578555
SRX19817113										10.516135230155141	2.2970975079634592	2.730584786734106	0.29027508425033133	0.0	15.444389310867598	5.634056480811549
SRX19817114										11.444593232438102	3.1247956162015966	3.4127153584205856	0.4281554821748329	0.0	13.795442856962293	5.272072485973214
SRX19817115										7.945752053407877	2.011439637282151	2.483599933933174	0.10012396952588998	0.0	11.90018068337161	3.799736666192346
SRX19817116										9.624005177229781	1.9742225289413626	2.5403956527280736	0.10785991438816839	0.0	15.733099540179648	5.586019606304385
SRX19817117										10.78693924338131	3.3894715159291877	3.5056117189910365	0.285482093878777	0.0	13.630331514414303	4.884880161927092
SRX2036088										6.356009596796137	16.731644548240745	3.5285649177176714	7.1446729056263685	48.15142619948018	4.9799649337356335	2.4485026164413686
SRX2036089										6.916201856747346	17.805499052698796	3.7034824039760252	7.863919355182706	44.74145530018559	5.048603361189584	2.4374069224695893
SRX2036090										6.763252752410915	18.23316404317958	3.759221728358322	8.358708720841163	45.578178845251514	4.608744548807168	2.2972330753616137
SRX2036091										6.212875566127267	15.917182422983592	3.8658341248829373	6.303259954603961	50.68436457812472	4.589902867450094	2.193325365432304
SRX2036300										20.356239618753996	8.12769731314892	6.455069636055434	1.7872983211579276	1.0528354508429396	24.894836081361703	10.208760885198467
SRX2036303										19.861086626121498	7.3668229688167965	6.255516785840555	1.8352293648266078	1.2604122978771808	25.170538212427296	10.208421031027408
SRX2036305										20.82071524084317	10.316665574909603	7.335868540233066	1.7762741620167863	1.5050696520152103	23.434003726391975	9.848010923333913
SRX2036307										20.6868979222531	8.8003878347802	6.512731191689758	1.7988069261218025	1.2228778517464063	24.964784084823243	10.525231466437349
SRX2037533										20.917795947515817	16.718832213154943	8.872322490701226	4.5807754205430875	7.612457825061771	15.210265520285041	8.073282865097928
SRX2037535										21.121549242703495	16.72555412306615	8.740409140090206	4.625231560178709	7.324642816742324	15.168776001842883	8.048105666605384
SRX2037536										19.896642428148464	18.091096740633542	8.460511360920444	6.211621223455381	9.606184315615103	13.847841292797996	7.590588673794533
SRX2037537										19.466483130307573	19.119915107952327	8.557076090978219	6.735962176115982	11.955532046386319	12.704275773818862	7.1882410154194
SRX2037538										21.845541340346593	16.892198576450383	8.86176781763438	5.266626590273139	8.978707893829869	15.532595352397314	8.544277011098853
SRX2037540										20.91194145444295	15.666081898948967	8.452787291234705	4.686208206529466	9.242092912510905	15.81576707152505	8.323066501709947
SRX2037541										18.650509023002726	16.414338332812978	8.034818870114536	4.669015311569674	10.465742371064799	14.9738232186466	7.54338712868323
SRX2037542										19.32391500495359	16.928723146950134	8.186430077148955	4.765662950730287	10.766109672897665	14.956226706464271	7.826549012309619
SRX2037691										15.918561035287004	11.127673660756294	5.911364884812507	2.749583870806448	4.729189369123665	21.65365246584091	8.415066300880806
SRX2037693										13.792289415236404	20.15953029066038	6.611407588963498	5.425613414221933	4.203214429374767	18.14517987796985	6.922483847391801
SRX2037695										15.581214831486514	14.656188028887257	7.134142608168547	3.234504367398582	3.303408310513879	20.724755169542753	8.015600593619485
SRX2037697										16.000893301619655	14.297290483168773	6.839088487990594	3.0754000455327297	3.5836468101114254	21.041038866252226	8.235180367899282
SRX2037699										16.679299115852583	11.718276332558009	6.259669569499578	2.799106175078983	6.104067690502636	19.264251713838267	7.971618538806549
SRX2037713										16.466693384661664	10.963866681511332	6.263245984443608	2.5581111411850723	6.8209694493466575	19.938075341590952	7.916858859754952
SRX2037715										16.752059873323432	12.423859132799036	6.534842936354466	2.4370106983507798	6.502432804270773	19.56623783657583	7.869706343165772
SRX2037717										13.933141771775384	17.94743201662158	7.399733757013391	3.5685581030221853	2.8235093299932297	19.169944912728074	6.990170124744613
SRX2116174										11.13659352474497	12.804563471710123	5.7175778953174925	1.560618158551425	1.7565264796553612	11.537980395489082	4.297768211284031
SRX2116175										9.870465715902322	11.823047473752267	5.409738156230614	1.7545595012161166	0.5192748412895742	10.501231467262171	3.9392455294108952
SRX2116176										15.454384404061164	12.077550505217577	6.603501554389718	0.8652629445500456	0.8367735990901382	19.664575059529447	7.66952474098402
SRX21659709										18.771331149220494	15.654751039412446	7.878312716571114	4.6342407563472925	8.522883491441366	17.017020311362725	7.932332348831918
SRX21659710										23.473528830602895	11.57184197430775	8.50909832137214	2.988446083508755	3.5576233177878183	19.524525206419586	9.240793212995309
SRX21659711										21.149303678694135	17.179868090589615	9.779723861478892	4.2914298855110795	11.60208105081346	14.939591272254434	7.6460830499102475
SRX22720559										24.136039198687875	6.527579252669071	7.400406265648937	0.20284681651662317	0.06909934512509464	21.3190080458269	9.914168054373564
SRX22720560										23.34644748156478	6.023017964757901	7.277935652996232	0.13380421404623283	0.06320964599838089	21.145620824373218	9.424186794821335
SRX22720561										24.277931143857025	7.908061627619984	7.977072427654018	0.9027012368748378	0.509715113963702	21.86887296059315	9.737737522874006
SRX22720562										21.85027640809038	7.485491878149765	7.155122857056119	0.7328476419481998	0.4799284050859393	21.5463372415391	9.289396855509313
SRX22720563										25.61764348882745	7.203370747466016	8.086770508208616	0.6893182031974088	0.45175172624889104	21.18039109031755	9.997399928713966
SRX22720564										24.76767389518272	6.699581319774188	8.051937255685683	0.6690297409780523	0.2558818731129126	21.667707733866134	9.857802061353944
SRX22720565										22.772354475486996	6.738083550689214	7.0833843884426955	0.3354549965413641	0.2323422057737775	22.375296248766155	9.919174880336348
SRX22720566										22.388232230835268	6.0993425698615615	6.749017552240125	0.41652150735823223	0.1461929409876157	22.427927681392557	9.780351510226224
SRX22720567										22.715178721887938	7.5838386546580985	7.558797537067045	0.54794762959757	0.25783429457955254	20.58656524862895	9.28125509893266
SRX22720568										20.187245879837594	10.04623160703406	7.564580169863763	1.3957826071907797	1.006893590823624	19.622324879843184	8.884178242601834
SRX22720569										19.956017874531145	9.090740535358831	7.365815916147526	0.670797943058951	1.103955663087916	20.94863169178497	9.19950899245407
SRX22720570										23.336877857180564	6.6148596474584265	7.5669430832201305	0.5695999557869846	0.21990676200437576	20.917175320972998	9.240196560354557
SRX22720571										24.11526761196082	7.85856404474788	8.271053669207024	0.5541315536312887	0.057425628228712305	19.788160695245445	9.391531402778792
SRX22720572										22.227782222865773	7.65848947283112	7.153245626607983	1.303697104654059	0.7460199400484459	22.65050147130824	9.766389975169364
SRX22720573										24.36088366324734	7.985430121721317	8.733654231819731	0.539352327373325	0.07611884936341458	19.463292995529898	9.16570290421783
SRX22720574										22.11581634601969	5.281611627959575	6.137154982654637	0.18057262253665063	0.05633126186410935	23.66645621772945	10.339850584809755
SRX22720575										22.094465588033568	5.104564950758469	6.443648409738745	0.21961751066370505	0.0	23.585980403835926	10.347669510094526
SRX22720576										23.709096595146153	6.223146573259519	7.464621853423085	0.3418434215033278	0.0	20.959417370203457	9.796842895036157
SRX22720577										24.59474617228907	6.529922232845618	7.812767293127523	0.22667144722678859	0.0	20.897728383232415	9.930273655686678
SRX22720578										20.80281723886458	10.05276106487291	7.8714336340358555	0.8987245986617441	0.368989762233022	20.446943877961335	9.117238054806048
SRX22720579										20.304429978748335	10.205124283227619	7.904155876331857	1.0902520302177487	0.4446385337056326	19.437480808502873	8.805571308656369
SRX3316529										22.888958050870865	14.26693105303118	8.403097160177943	2.962906342647156	2.7492414209410545	21.289985587974165	10.374072850494322
SRX3316530										27.426127421302887	12.367608874591234	11.419565154488028	1.484254297418649	0.5926596718453547	20.49356885014572	10.109407308230562
SRX3316531										27.52489310574355	9.405316548761746	9.334603354622756	1.097731541638823	0.896715031954191	23.335710488037982	11.826387966892009
SRX3316532										24.594443097760536	16.55176659203423	10.646996004204032	2.8490578748378494	1.802665777819935	18.334250667302758	9.277244520672529
SRX3316533										24.33076802759206	14.150404695361724	9.558410004236501	2.609220155354423	2.581144593116854	20.948948393289598	10.42939573885119
SRX3316534										25.687974841045197	12.499528715173236	9.544251134515791	2.1447803868817386	1.4770224082448016	21.250775045204517	10.815429820737062
SRX3316535										26.170187574135344	11.224738006637951	9.706650241234515	1.4605000038364695	1.4569135899679266	22.167560280597577	10.697616634665524
SRX3316536										22.40438826385268	5.75680204516011	5.307965386903213	1.340438063787085	2.1999218283033457	27.958894834116183	12.257596880813516
SRX3316537										22.729651702399327	13.376506946213516	9.193183419883285	2.6947188605024883	1.7427286317502975	21.439574493637696	9.730840541057422
SRX3316538										24.93493977054035	13.96315924585351	9.885058554352629	2.388869099456205	1.8848403760056205	20.50869165047132	10.565514595818184
SRX3316539										24.193407568029443	14.404048249343	9.137393064156148	2.161879289466041	2.459390010524047	20.878714787513466	10.415266081561166
SRX3316540										24.63760661736756	15.75510104532862	10.602365301031751	2.6723289253663953	1.5626536372109048	18.715921015126938	9.48325093852023
SRX3316541										24.090239207893827	17.549787354476745	10.986401728809152	3.1318683360852306	2.8167888269604298	17.593601544600126	8.857473927849856
SRX3316542										26.130278185315976	12.149753583555203	10.026642283961342	1.9014778029262793	0.9197254286905793	22.16469091217471	10.608694663193678
SRX3316543										27.19081504681895	13.613046097837914	11.480839239349093	1.607534968079532	0.8962175964168336	20.044932868944542	10.151373145561582
SRX3316544										26.96505284680092	9.67215743033365	9.714861907357323	1.2595373297513592	1.254471974163071	22.576053583872934	10.702113560675029
SRX3316545										27.199251488064295	8.948494993083221	8.339087824597815	1.0125351673112337	0.6670080086591506	24.568219493496223	12.210348013856038
SRX3316546										26.885816015146098	12.43197760946148	10.33766042609213	1.248090722415487	0.740708034776562	22.11995637004952	11.052280308206393
SRX3316547										28.156505646448238	8.336030805782261	8.40948076556329	1.0382408063728228	0.8471702149327947	23.88556542997413	12.342529801215877
SRX3316548										22.507905394002453	19.53087838111397	10.52933032030145	3.9431183725432737	2.5239412699684993	17.103029349513392	8.513874882804636
SRX3316549										23.427417806664817	16.498478680186775	9.873317851974807	2.682283582321201	2.592324770639309	19.363322256986123	9.511307518159482
SRX3316550										26.483941873641303	13.219685575795529	10.411659198434744	1.972873398788182	1.6060896851598532	20.754874272673984	10.361930326015438
SRX3316551										25.23961984791585	12.278950638230821	9.089649212693791	2.5493026360668485	1.9291671190895834	21.788297108176025	10.882135758587413
SRX3316552										26.535599510048595	12.96195124468941	9.304509425289039	2.861195886746721	2.805626255277444	19.85141276958964	10.923809733560512
SRX3316553										26.812421100523487	9.45196779229883	8.578806957439298	1.4152627044547452	1.1435216581544851	23.782199631892862	12.145540035494703
SRX3316554										25.97577698826303	13.638099690256514	9.138464460086333	2.869896216703154	2.7732339393891547	19.57936499508551	10.766844829105064
SRX3316555										26.13959694831266	7.889776727290151	7.189178159758231	1.3177815560919182	1.5068467248873139	24.392408918263694	12.351284663826997
SRX3316556										23.95674797468925	15.047210270957024	10.452259073783774	2.9321508889228407	2.297503111256436	18.956879678238117	9.297810368665646
SRX3316557										26.486855551230708	10.66922635760079	9.481193126518253	1.3699500369495585	0.8321568036061093	23.0271070226503	11.30627088344969
SRX3316558										24.664019064100454	12.855193553168299	9.546511098987397	1.7746680136054687	2.049290926389534	21.30211230867943	10.405442812272051
SRX3316559										25.340152594878912	13.116672285301892	9.666417670799454	1.961988977106427	1.8665317383544007	21.56330495549181	10.968897833506707
SRX3316560										25.53486750496623	14.849104425682338	10.111928674143801	2.670791761080943	3.280236826493823	18.251755630643615	10.15869584271692
SRX3316561										26.001826965844344	10.946137736684815	8.784611623126084	1.7433921416425153	2.162304416742388	21.47446843831522	11.229395200736496
SRX3316625										22.108569020748202	19.384724700209485	9.989784158149895	4.834331840998018	3.939964714112872	16.684853825980372	8.459935787021713
SRX3316626										23.880204463659247	12.813782032835183	9.009696343086947	1.76506324482169	1.6897408158344804	21.934857225500664	10.67840630816356
SRX3316627										21.09266623386347	18.607345728962006	9.626877116251588	5.3105074051633885	4.805141045705073	17.061197676306055	8.358009148549597
SRX3316628										26.429477799338596	9.91926586928406	9.502222793786059	1.141178945655235	1.0799099523959028	23.594240168927612	11.364895722777812
SRX3316629										25.943469765121698	10.070742095716415	9.29342465292816	1.2405838295686886	0.540744103803517	24.164214295439844	11.334090039115836
SRX3316630										25.15676957510437	15.31618388184916	10.193262779581644	2.4937750276233945	1.9337603501065843	19.803899718893707	10.444906185648861
SRX3316631										24.796596669008807	14.818486036884254	10.150811711313553	2.246999898584054	1.8360183830738654	20.61076170047426	10.65559229527732
SRX3316632										22.29046198449979	18.898065486429584	9.97995018135938	4.516854225963482	2.9740099236758333	17.304151011560094	8.607169055615056
SRX3316633										24.056610199901407	12.813541091576017	9.101147608966361	1.601444438278538	1.5964317878484908	22.139844608685724	10.48727921000944
SRX3316634										24.255767421107684	12.720279287867353	9.363330754396937	1.867053004115002	1.9209903433148896	22.117105959289443	10.871498691972246
SRX3316735										25.1761183482617	12.226799593178104	9.108949360367937	1.5644758971108352	1.4322264966670406	20.635017509018326	10.388058203121991
SRX3316736										25.790677723693676	14.361407853498259	9.879158859758675	2.719599448631813	1.9525245888007712	19.52288262500486	10.192918022450261
SRX3316737										25.935781809210273	13.750982364945655	9.793313573400745	2.335816188121862	1.789889125518317	20.497875328333702	10.626328834657047
SRX3316738										24.28118089117771	14.180918542529847	9.551186748395494	3.0426252781883614	2.743478074527842	19.8449167575789	10.439179109648277
SRX3316739										23.73330476489663	14.054393382036581	9.62684426764343	2.762019122987236	3.1601039886731033	19.33308224587556	9.8277133832139
SRX3316740										20.826611368457275	8.700579823394614	6.826257470457824	1.5579388214531291	1.256603267862797	20.95113710931278	9.41742006467602
SRX3316741										25.08226044907982	16.90843635320131	10.38759397313188	3.4777941654306623	2.800268792157636	17.83973333303268	9.899649790381428
SRX3316742										25.728914931164915	13.121612002339097	9.748002378421303	2.376033004616089	2.3302601347796785	19.86586335110981	10.261910769291761
SRX3316743										25.478816851022675	12.922322432150093	9.528164850271578	2.3103410794618613	1.929849309901218	20.525578308534346	10.299993027748327
SRX3316744										14.424141623860335	4.259663881746812	3.1849722116655004	0.4406584609031577	0.7066638052114456	24.348870290748017	9.036274101913765
SRX3316745										19.565242099355437	8.134318652511688	6.116005396029188	1.9098051036247041	2.6759367713504987	22.130032620727462	9.177749956646666
SRX3316746										20.80355406507352	8.196653739630056	6.365491947626511	1.4104400130231909	2.016829443741293	19.94055802766986	8.986082413516353
SRX3316747										23.436733111517558	9.447786443745128	7.860428183696406	1.547523990551281	1.2081743372410536	21.539408325123187	10.540842590633043
SRX3316748										24.0914016956235	13.85693087652762	9.437624012811707	2.55476562707673	3.297444008584602	20.220277507380896	10.194297748250774
SRX3316749										23.130395659400484	12.280019744276826	8.44388712330108	2.3882732244477696	2.925955943470621	19.339969559810754	9.54220896732687
SRX3316750										24.76256737673269	12.720506237132811	9.335184784230991	2.2383862036528064	1.9506987949786585	19.595553426158617	9.998338654592084
SRX3316751										26.135010758006665	10.08133282555183	8.835893125385557	1.451436732637339	0.9794784206445186	23.118140891895564	11.352963777568352
SRX3316752										25.847364285701957	9.126220433785294	7.9205491321627175	0.8330402215554065	0.8294578493012943	24.293667124496306	11.616581948262041
SRX3316753										26.33337126311156	10.534265990409992	8.938376425260909	1.2458337984464816	0.9921057260243942	23.020067584051297	11.476321254170472
SRX3316754										26.04465544625309	9.15110561090001	8.339706236789361	1.1609001386451447	0.8978879099116035	23.803042661023394	11.789444118475885
SRX3316755										26.266291979447214	11.63054716943407	9.228470507149192	1.719040054282265	0.9499728249809266	22.055294639542225	11.20393633445904
SRX3316756										25.908097500090673	8.448185376939959	7.715967152363292	1.057286567514364	0.6315573947025399	24.65007121087714	11.573934498759133
SRX3316757										26.081670468390556	9.842532608427865	8.39032385117397	1.2272534868440705	0.8997625670775645	23.77101901807663	11.574801128817883
SRX3316758										24.43536521532889	13.87613591330188	9.828362563621303	2.447474162265066	2.310575676981106	20.60464977382574	10.58769094972139
SRX3411505										13.138763470664097	22.766342177961192	8.461264872626236	8.747899056871528	22.98685800664235	6.486423933059507	3.7248651800811294
SRX3411506										15.595961216563811	21.067506079324154	8.946544203111543	8.943799726182439	13.149362440123982	8.277373017004049	4.622916143684873
SRX3411507										14.178913488630606	22.55078180318003	8.998098370763188	9.108154532762862	17.494342673988957	7.270376433744113	4.02972206500489
SRX3411508										15.024201051338256	15.647358126325631	6.8831222455839285	6.201441366457904	17.349643869432143	8.498313702158375	4.862642392331343
SRX3411509										14.756737778576259	15.251670215118098	6.707819065581592	6.061159828531173	16.74262288493941	8.359499740594377	4.792119978082175
SRX3411510										13.595267407927118	25.271331944173692	8.948656056560726	9.810453268433632	14.160271889013485	7.208087934955241	3.8793680882789534
SRX3411511										13.46433778383307	23.406126535214625	8.71774661844007	10.163697586272933	18.660070914157583	6.897257680135094	3.6960045442196976
SRX3411512										15.834362174642491	22.663975212495163	9.579826058243953	9.875487074358789	11.759294186721242	7.70590968842106	4.397402827047831
SRX3411513										14.421785451162808	22.67458827978134	9.242728294213991	9.326040166687049	14.492873447897663	7.5468042775557835	4.1880763834143035
SRX3411514										12.930823162844327	15.065661535197053	5.974661502084259	4.414060901305521	7.997283654329033	14.493608926196258	5.635002915090346
SRX3411515										13.17898868648196	18.561108159104776	6.795700369327334	7.392450594584692	10.417229997048164	11.149351017808744	4.801907404041269
SRX3411516										14.880367929514609	21.989259817041162	8.540802965865536	7.861234306831613	10.11775736623179	9.629922186439025	4.620223702899456
SRX3411517										15.7712388081282	23.915958301256808	8.82717762372876	6.944580593934578	7.352103720078479	9.411801274893946	4.807415546923964
SRX3411518										10.542187193107019	5.536529826684831	3.913384806619368	0.9666176916093762	10.001810863535455	13.562189375434134	5.021576372343825
SRX3411519										11.22149409673681	7.856194085484498	4.416732017428846	1.3410713971132133	3.4237844366060832	11.697158640521286	5.005634097062068
SRX3411520										13.650321306338789	10.287282563354243	5.377028726763322	3.4366993435424784	9.448821388671542	10.736764988672668	5.742000407352769
SRX3411521										16.86256160202057	9.916176037103481	5.9823448520296685	2.43922581107084	2.9266303204908932	14.258391387926745	6.813444387425472
SRX3411522										10.890005862607017	8.349905965246254	4.532878585601232	4.110118687883045	4.508924844632615	10.913944595742855	4.506862177496634
SRX3411523										12.19477594249482	8.677680339246463	5.448948079371358	2.462900947141047	2.6638195719865574	10.863113766495418	4.8881936913886035
SRX3411524										14.306261886935731	11.706000361733043	6.241041291526896	3.8171079104310444	8.500536000139194	9.866925492116378	5.146718969764278
SRX3411525										12.758645892979251	10.267648392807931	5.94133157730741	3.9343847939119256	4.991044195815855	10.188363224842638	4.85516680084471
SRX3541437										12.14196910728085	23.302188336897252	7.133104660774936	12.815980925502016	18.608522406636933	9.654056839479471	4.2966396843811205
SRX3541438										25.37713462799518	17.426958496314285	11.251825067188902	2.5505103590180167	2.437464070273311	17.89905925240144	9.645709429008363
SRX3541439										19.56212455720531	22.28060920763694	10.31611396036116	6.880334691662865	6.922857266506519	14.346117687556642	7.2972022878854155
SRX3541440										26.040403037822628	16.533833615668005	11.590709343007417	2.019414402920392	2.324178357586305	17.480648639806493	9.373463956496732
SRX3541441										8.016267683436087	24.706089779583497	5.414887531380966	15.689063224854541	24.548359800563908	7.476943939739278	2.8194233347525324
SRX3541442										24.037013324401595	16.719577602013402	10.190107580393285	3.192344676550919	4.6610034344587055	16.991537285434337	8.93109490717435
SRX3541443										6.715607313499898	26.999574524356728	5.653097973349024	16.62482894108331	23.46673105647508	6.636321199938646	2.2621041738086087
SRX3541444										7.1862529233342185	25.754920845806133	5.687438847717152	15.96512711018224	24.15921993700221	6.981204546588585	2.5507403786173515
SRX3541445										13.491169302148181	23.953562568758414	7.607152247085026	10.19987729936102	13.655759373571422	11.171742926321228	5.074333114482468
SRX3541446										9.824926412016046	22.519194880280466	5.88309299627826	13.589962849456938	20.28103484156546	9.928586936169804	3.9582642723473365
SRX3541447										5.544264436229736	27.243977570670353	4.935067386926405	15.88423655479983	28.057237186164286	5.691454930338242	1.848257535872721
SRX3541448										16.611006024150615	21.893424343540655	8.467483984669306	7.492545193367368	8.768060411696274	14.175960025516426	6.40426182651615
SRX3541449										5.114359382518018	22.50863328144212	4.067419107112018	14.231004193555455	36.46410721373863	5.9870095938140455	1.953548424845248
SRX3541450										7.018578776781141	28.262147264023362	6.141155222906547	14.029295307134184	20.03973854430009	7.342134902409479	2.387816389910352
SRX3541451										17.750670002566977	17.423000420880996	8.1382236481079	4.420275499606411	5.229573401602294	18.798500031876518	7.583966238834658
SRX3541452										6.069830177276655	28.97253901280678	6.446884360192113	17.58501808953378	22.816078885566057	4.6827121650570795	1.4528295438399617
SRX3541453										4.652250706109646	29.898170679722785	5.716665646692595	18.721660407143855	27.5355259216517	3.4072793489009587	0.9341570071496124
SRX5252024										10.866373928388096	4.38572672060047	2.6863737878205436	1.4533072409171577	1.9091368218060856	28.58170148037942	7.279104380560902
SRX5252025										7.252118098122005	2.8487796814182382	1.5661228087883943	0.8123092111217192	1.0849683564417638	31.630428329541548	6.279120276786479
SRX5252026										3.481451724699372	1.3874246487432673	0.5941947099859853	0.4029480094813338	0.561896205462252	30.468848597287177	4.293634154613265
SRX5252027										10.156892030708178	4.6612407683902495	2.655191218498454	1.5806447278169404	3.5250122775373436	26.712625277787588	6.896363358335352
SRX5252028										12.08518911250254	4.052445603594003	3.057498638805091	1.2230649808862637	0.5648072820681673	30.632319472493148	8.224780751031629
SRX5252029										7.460335182855856	2.6635258140182185	1.6480066384049232	0.5766741267141084	0.4246981629577228	29.09517747812458	5.893429954871037
SRX5252030										5.822556494172659	2.381258526130815	1.2932157832655244	0.4314023853075205	0.9524524193409588	31.637782871466243	5.336381819615978
SRX5252031										15.57331054224754	5.665258102459916	4.393278970195446	1.088557854434293	2.32214363407225	24.11953396577164	8.590479693878095
SRX5252032										11.485604065986623	4.20905728398275	2.72464109041347	0.9064092865782077	0.6168610627114783	30.147763361980275	7.7571504579813375
SRX5252033										13.861727282151175	5.488060940245067	3.8463725546354604	1.749784334456617	1.6447942101024822	27.353739133187123	8.185921132304246
SRX5252034										10.71244938865172	4.564885846772803	2.6151448096199448	0.947139155423387	4.101607313695446	25.222623312925386	6.529521645135501
SRX5252035										15.428364600872632	6.3496469306352425	4.540887131032678	2.5402307516484544	4.2525841632153085	22.9440994866755	8.480476459213122
SRX5252036										4.95194662685553	1.3497704759052118	0.8272859850239955	0.37398081859291193	0.25420438691728797	33.31053279129766	5.994285114621453
SRX5252037										7.530755970730027	2.292691805793325	1.4262398566679495	0.6974630055509862	0.2717763021464738	30.64136507210023	6.268411164531286
SRX5252038										9.715572720552764	3.359748075490127	2.0741845703950164	0.4880838579613551	4.312536553888279	25.683677605209294	6.563763418122639
SRX5252039										3.4545939849816527	1.2419303695829083	0.6824301415906762	0.21420246767605117	0.3117113630282136	27.761527053209463	4.042601632286185
SRX5252040										15.999707830561274	5.978754691102075	4.3535947053256985	1.520315963406624	1.7718123620152713	26.01710005115367	9.274155621145711
SRX5252041										4.052475123152206	1.266556777642855	0.6814826124911585	0.3273906901641658	0.3406169216237027	31.70355411263528	4.879376684919812
SRX5252042										6.150117930057356	2.2752441437260873	1.2779792522228546	0.41332357617688753	0.5384955100867371	31.859417519285333	6.122577047304636
SRX5252043										5.838823838574233	2.1862655066152277	1.1268239556249324	0.7701900031645839	6.593763244342873	27.39413700366215	5.2291133893072415
SRX5252044										5.238909714969227	1.598443296192251	1.1529529167377268	0.3667051081641237	0.28334327097671236	31.54033585494988	5.6714158572211275
SRX5252045										8.072524431267508	2.6779322677534334	1.534992636278662	0.514899967194754	0.7719022253508003	32.642606504110184	6.862703210600108
SRX5252046										3.6514219324876724	1.1343127095009689	0.5621511138922342	0.3317415888069149	0.3598599731476142	30.314209213570237	4.412145969781083
SRX5252047										4.750871582540606	2.2659475312639508	1.168711738164365	0.9205016013785549	5.928174517510975	23.68709960071533	4.082549932886875
SRX5252048										4.9227896489720395	1.6835173280399716	0.9555444006985566	0.28231790865722595	0.5625339983568971	31.55746538231404	5.254123965034506
SRX5252049										5.654817631336668	1.7996555883824004	1.0048704384035338	0.24810167429754654	0.6269341970634063	33.44609964898208	5.81892797696336
SRX5252050										4.2436876321906105	1.1244623005689638	0.5938599250111846	0.3393988893308911	0.30510025409209995	32.266136273125326	5.145054128763042
SRX5252051										3.7851696691795715	1.5050258766464968	0.8180284950791532	0.9025021038543805	4.933420251454246	27.195122811661843	4.294876635370233
SRX5252052										6.208117164823281	1.498919026600064	1.1107934451784804	0.17658156451451926	0.12314621185462406	33.852633682394654	6.585562537068269
SRX5252053										11.948538174520902	4.4181811985870425	2.944793500109889	1.0224604897295593	1.6589875920230184	30.881161830320142	8.18222282914606
SRX5252054										9.169834506662701	3.369783798005605	2.076839411476317	0.8746453956362313	0.6015380777644532	28.011050909433155	6.202506989761313
SRX5252055										11.337988889502313	3.984754405926106	2.5783177583594896	1.2131813217529168	1.0323521917178846	31.03860860686846	7.797008249748287
SRX5252056										13.072824754158816	4.9591966367394305	3.5486493727143795	1.7649226011481038	3.0727414726992763	28.610527341081514	8.24394667175142
SRX5252057										12.532895877467324	4.960795595369924	3.4796865208530003	2.038252116615204	2.1614068004070734	26.681225979642537	7.696211477353172
SRX5252058										18.977795568347585	7.9754299207016395	5.844316199378937	1.752411862923587	2.6896595725607653	23.898831588174566	9.657268656333628
SRX5252059										19.861903529363197	7.6243327725169685	6.047831308619789	2.354637915002515	4.61557867592479	23.76344397549249	10.41319197176332
SRX5252060										5.254657363686273	1.9203894699825863	1.02101488925599	0.37451781225960046	0.7774950401229388	31.463622108800383	5.6316764397685475
SRX5252061										11.863330185428087	4.312441002667784	2.9940418678252496	1.2847984353833397	1.3040178262634203	28.16318467598009	7.876592800175265
SRX5329169										7.142649058721827	25.590121049599762	5.680036593886887	15.962332676218901	24.110717132113937	6.993524579681412	2.538476153569787
SRX5329170										24.956796696862156	18.522484480576384	11.103103241794157	2.9718413210550936	2.4274128219584705	17.314335887228854	9.147787958499121
SRX5329171										24.12921778054171	18.491299124683948	10.654878254482115	3.4517221697705756	2.8170569286894267	17.683291038979505	9.32149639494602
SRX5329172										23.38954603544013	17.58397495831544	10.124623679089902	3.738935971256922	5.389117535786276	16.861719875079505	8.641482992046267
SRX5329173										5.7839396080991445	24.213779639842976	4.60924286690137	15.567559064086026	32.48850659427569	6.095979964789502	2.034580621808772
SRX5329174										24.573947974796393	18.048007217313295	10.830520260591562	2.940095395538126	3.1486448100886895	18.097197803608616	9.3289165560845
SRX5329175										19.415439129754294	22.092649758750195	10.250702892870185	6.842518177578653	6.8695626347811	14.731788509957555	7.250655030450513
SRX5329176										7.317757871196798	23.231547402704877	5.011898801142664	13.846319543833301	30.76507779930622	7.5401322460161735	2.889099929906698
SRX5329177										25.138490016914606	17.24775255426595	11.138872128406522	2.5403155210977686	2.4130373046356848	18.442977047652757	9.597378566797216
SRX5329178										6.673711705537315	26.7598651422516	5.60278124391431	16.586290143573436	23.407685380914245	6.9058289934262636	2.248884495264142
SRX5329179										7.966306491658765	24.600921347356337	5.38549589633236	15.595006212020635	24.512307912584063	7.50475117059332	2.816096119486012
SRX5329180										9.759973969625388	22.410234132217802	5.842616843659761	13.531074414472899	20.177403895047462	10.085072043605816	3.932746379441418
SRX5329181										17.690794650100177	17.339312954861246	8.101949679862958	4.433835718485442	5.21066638992488	18.798744530411675	7.560587424761925
SRX5329182										23.98837976001841	13.88911984055858	9.108191595629126	2.2818918336626464	3.203682140498708	19.9815105963128	10.064894109092487
SRX5329183										21.32812206079143	17.995265807238454	9.215304564805814	4.043596338665673	3.928098519659926	18.23230004894085	8.440841528629523
SRX5329184										12.075435768365775	23.21573304667971	7.107743719612887	12.725755582262293	18.580210851979988	9.77069366276554	4.279795037708921
SRX5329185										6.041097785133868	28.89119409477236	6.391846500918909	17.496699765854864	22.775408045602006	4.75985743583447	1.4485530373467415
SRX5329186										4.622503293008993	29.706146653859765	5.6670176402282895	18.6143657795719	27.419125119023274	3.6686344776336024	0.9268751428841577
SRX5329187										16.40093167498043	22.24326082860277	8.95120774978685	6.360287618511679	7.746995853746041	14.369600232798865	6.208665435523298
SRX5329188										13.85287005732288	22.804377989070815	7.3476816655378405	10.381791296590864	16.37699634441218	11.465055484597485	5.123695219791808
SRX5329189										7.421764394542056	25.156450183893185	5.75737495083796	13.813199260482891	24.413494640129336	7.964782536191414	2.6631603610471335
SRX5329190										4.692411473289382	22.989054293222903	4.355509191378954	15.887928803326194	31.593613510850034	6.450681530519985	1.6525335396321066
SRX5329191										5.786175778195037	23.569982726073306	4.697768404402741	16.0225680018052	29.70842811988855	6.655803091822188	2.2009422124797373
SRX5329192										8.311084166803127	24.704381541664695	6.037286261107773	12.947167263326714	22.835313570617053	8.444516266543122	3.057442619435611
SRX5329193										13.814758530005268	23.66196688648829	7.48510685419441	10.829231589427089	13.767617764222104	11.190564778131616	5.073834837587993
SRX5329194										10.785882028383199	23.559747782420345	6.519487254743909	13.88054077567168	19.223166850635863	9.414459409871844	3.846001155684844
SRX6700162										25.214409968192676	16.23797276721717	9.556085233576733	3.3702693276311515	1.9124994515221907	18.33757475567909	10.419330092168005
SRX6700163										23.306433687383144	18.44928955449961	9.616689654766935	4.497480701154301	3.327244233165071	16.77897750525332	9.150228178203045
SRX6700164										25.18773455322542	17.76431377308606	9.952223671026438	4.008616417717971	2.993327662162024	16.571707110804734	9.825332382044866
SRX6700165										23.69854803192472	16.519126546272826	9.286230636626264	3.788639868904039	5.621474154498943	16.8658959566549	9.548389002885358
SRX6700166										24.281289899450105	15.720242323637324	9.181528997077889	3.554920913724699	2.7486363903450073	18.220282661094572	10.081188152466344
SRX6700167										24.508972556311768	14.700320501325677	8.754693037815992	3.0655700590868182	2.461616101098457	19.299759312224353	10.408397269998881
SRX6700168										25.173067804424942	14.563682357106552	9.660829419318592	3.083812979058494	4.318610380977192	18.687920894544952	10.026487566611275
SRX6700169										25.017974342400183	14.508643738228075	9.86871648580896	2.82892183899616	4.771825920058073	17.784514980204825	9.433234877565631
SRX6700170										22.139071249204072	17.09035681771077	9.538832326604235	4.539221803636489	6.70393782042737	16.132772830936855	8.748121354195332
SRX6700171										24.02605373774187	12.924381554022807	8.56823208285963	2.4227447276330265	3.1755032249634927	20.129207181862892	10.649889289233288
SRX6700172										23.75399727528421	13.176523604193477	8.46621954173231	2.4337815050144394	2.867189516866138	20.00695955100278	10.199609770719691
SRX6700173										22.89783124278805	10.245289500488628	7.626133391546553	1.4019906485280307	2.421785862419724	22.587390550766372	10.801849994388395
SRX6700174										24.96171681944299	17.565078442877432	9.735317294820435	3.794693768634322	2.4704187987887387	17.269799193370492	9.949216036205826
SRX6700175										25.654112591367785	15.832860182919289	9.506163630006592	2.816206908634042	1.3663051850491543	18.58900329270466	10.585290305075882
SRX6700176										25.907240981967313	16.053990960395733	9.749919931623959	3.065045324960892	2.191978705223071	18.03640652225699	10.567238699241335
SRX6700177										23.86838175868281	15.114013390051278	9.085368923135544	3.1313660616400063	2.2489422420243868	19.21718137046443	10.152927724525444
SRX6700178										25.311234431232023	11.546082921738341	8.890711019657394	1.420865930719569	0.8128132095231331	23.369179960022013	11.494780891449215
SRX6700179										23.99845094467899	18.589705870820207	10.580845721176981	3.0671451643685343	2.4528340816298764	18.02586846486354	9.676533089638363
SRX6700180										20.125903559905314	23.629059697169772	10.251931968792217	7.430738184008785	7.875109264150586	12.211721013343494	6.719740843293293
SRX6700181										24.666347212186228	15.449816989210508	10.072750938878995	3.350671940286589	5.865021104294812	17.009433844297078	9.404766966447738
SRX6700182										22.557061230000972	22.041099900832354	11.086483840815395	5.584424808393483	6.064074703376651	13.10265697890888	7.497204811377226
SRX6700183										23.637186257489414	9.012551732629277	7.843507644462218	2.033385764598658	5.707017928900923	22.714622547649668	10.994107613350147
SRX6700184										24.486067462052848	11.719015519790117	8.503352504377352	1.9188498635973015	4.122450735933303	21.745443948067525	10.910001743689325
SRX6700185										24.774211036928595	10.631046776606416	8.502069618058167	1.8595852251625589	4.973612599311301	21.445157586724758	11.00330717072339
SRX6922015										21.047174606103034	6.595170386360542	6.758197248615118	0.6034252647803374	0.5059246906129072	23.02602840805405	9.681803266802822
SRX6922016										20.04065467229067	4.263975006598659	5.536677655605472	0.33046941887484377	0.23002289879168314	23.86775288033452	9.676736115830579
SRX6922017										21.419004077453373	6.93180581368945	7.358741163138522	0.4482130142251727	0.3702512527721773	23.745401790931947	10.071452578263468
SRX6922018										20.548108059244612	2.6619462986358418	3.816581223866866	0.15137883830826276	0.0	26.73642975807552	11.098932770519374
SRX6922019										17.03757237364465	14.263920104143684	6.6581168322581625	4.939107191697019	3.0635508275801278	18.144739426777527	7.5899232448452985
SRX6922020										15.80828814369972	10.340807106195426	5.204214111400253	1.5324537136970386	1.5811419174104735	22.20589791452556	8.26459871823838
SRX6922021										16.742409678440882	11.331792504952626	5.866270610679788	2.6915537977792443	1.7047569215353733	21.16978914357161	8.407101754411615
SRX6922022										20.89145505715403	3.366601073533398	3.927352889108145	0.1979835552520248	0.11175566921058826	22.893110761799722	10.083709232910778
SRX6922023										22.62474705412421	3.0737956374912145	4.464238703808779	0.30095240415833324	0.0	24.773491432430852	10.961876854221227
SRX6922024										22.95021854732106	3.823570953660902	4.64830773464935	0.2982833323283982	0.11458958945285008	24.987786395043862	10.854018658404046
SRX6922025										22.517262299995256	3.4559428305990125	4.597684529315925	0.4465651369147865	0.14250588537348505	25.333501025307648	10.9954034787268
SRX6922026										22.649344586073404	4.890922868428804	6.083534778747071	0.49540793947536854	0.0	23.286929616416522	10.098341891359736
SRX6922027										22.97488507007933	5.02028052312442	6.180930753534411	0.4819637795441742	0.0	23.12176492728066	9.976596407198262
SRX6922028										20.975147456579858	7.864567514727532	6.935828879759728	0.7218671062116788	0.2504113628774839	22.315269152359253	9.591476634851938
SRX6922029										20.966484678873282	6.655881594165165	6.4730434252562326	0.5897723126229741	0.28107371163969225	23.93683566332285	10.124687214863817
SRX7101023										27.921462443907775	12.94651561890951	11.975306557706125	1.2662089236259624	0.543809896433879	20.40225734448518	10.955457064650204
SRX7101024										27.855696902465567	11.629606184801977	10.830844726782779	1.1892127729915005	0.31335450699517997	22.270746803315756	11.588088878810254
SRX7101025										28.016154315751656	12.190974074922691	10.987787571441352	1.24522577727257	0.394409654272485	21.691971916135138	11.64012084277028
SRX7101026										29.396823344356093	16.232647510823416	12.373097387620469	2.8143660281785996	1.803840682047586	15.507363215672834	9.75898100670655
SRX7101027										28.692361051397096	17.81458926684884	12.455232397873463	3.578549814147023	3.0485997596723537	14.324832087050618	9.274361326948943
SRX7101028										24.112472740733757	20.86729170149712	11.528605332977438	4.358312083218976	5.310501417663826	13.663367830322173	8.082607758546816
SRX7101029										26.459063119599268	14.833249413544653	10.194079970024257	2.319589543066452	1.3683747232011314	18.40874971930826	10.7021494304706
SRX7101030										29.604107766714165	9.360606513455206	10.131221743834375	1.1161479009735822	0.711127103018758	22.13767961131748	12.386420141512083
SRX7101031										29.1915262566732	8.710043856645703	9.831498778664585	1.093846586771572	0.6570332011361643	22.84188747835602	12.401467361458327
SRX7101032										26.215796034752376	18.00206285625215	11.785000467316188	3.8444148065242336	4.79020378106231	13.700438900156891	8.41417153969521
SRX7101033										27.281741095849643	17.654113906273057	12.10869191199862	3.5614082403314415	3.9061920885322	13.870970637750741	8.670781360158635
SRX7101034										27.359237719769684	18.844009033768472	12.643638661437933	3.273462742758938	3.892461820141216	13.018518310133242	8.339809458662053
SRX7101035										20.786054498507205	12.110526765811423	7.740567459802391	3.1297468221539844	3.190212615161678	17.460022056274997	8.414746697093346
SRX7101036										24.327598375600203	11.561137213303292	7.537024936210575	2.2474441198878226	1.1418981447060972	22.21927159832173	11.618461100437619
SRX7101037										23.02950457108132	10.218757766953159	7.099117444331323	1.757302064590898	0.6183795470975546	23.49202734283841	11.737432526235901
SRX7101038										24.177528909923662	11.864026272072033	7.467903296463827	2.3789432625669726	1.0543529930351818	22.33561065490645	11.674696515517304
SRX7101039										22.706460065598044	15.690935422069463	8.621793673830313	3.9407030767114786	2.683880326869077	18.183354902754896	9.422557331372628
SRX7101040										22.501879509562873	17.22407894579387	8.881326898946853	4.504990114891006	3.465064038864267	17.237643880403958	8.819830111232365
SRX7101041										23.057326529127973	15.338259300852583	8.74802627743282	3.4048352647127342	2.0682499131849106	18.114411985929824	9.4166382286953
SRX7551986										19.129941834890978	2.749458793518672	2.942307219351	0.2899090768933863	0.0	25.66447031465342	11.429209820766694
SRX7551987										18.387362134783523	2.1513207636593785	2.77564391395245	0.26100363889584816	0.0	26.174365166076157	11.465990409169288
SRX7551988										17.68656028140506	2.310619087478293	3.570100832267161	0.9243924862558128	0.0	25.19389163685156	9.69992748588549
SRX7551989										18.805608288049	3.1112958400867576	4.325862923370153	0.34018201440204454	0.40614311655105195	25.46585081637916	10.04526256548715
SRX7551990										18.07330282255208	2.905333302951489	2.5999514106516584	0.4739881173196037	0.0	26.01716759755127	11.36501935078613
SRX7551991										15.199720462557915	1.9121288895680038	2.161757209683413	0.0	0.0	27.244725949224534	11.285576502486501
SRX8694706										16.721051144182695	1.6860637892961987	3.996940059242083	0.17582257606719903	0.0	26.667892070989485	9.906797444023471
SRX8694707										17.76747091862641	2.1888908205362196	4.088898097428518	0.1289847300173352	0.0	26.28634356827077	10.232922797849284
SRX8694708										19.998121755546773	10.809681438595407	6.790414957247304	1.5483473604393758	0.631100554690974	22.662158507790643	9.560153445112963
SRX8694709										19.81259473696973	10.836252913279704	7.053746907971033	1.8187182127142705	0.8153222883801565	22.48283564630417	9.34731507926663
SRX8694710										21.877047404865817	4.2606958726344795	6.236785381909939	0.09862123631942821	0.0	25.15395784089251	10.876563016605777
SRX8694711										20.98438464916471	3.4576483822429283	5.195516922134628	0.0	0.0	25.965451264781137	10.960345822408362
SRX8694712										21.592715079081966	4.7388657974432125	6.215569133564119	0.0	0.0	23.59158704760091	10.493926412131026
SRX8694713										21.37936340808428	2.8610227952849603	4.917827806100127	0.0	0.0	24.515471246916736	10.961943724693137
SRX8694714										20.946546543539963	3.492654868544158	5.626931148948207	0.0	0.0	25.25557911055675	10.814557602440424
SRX8694715										20.282916601204505	3.6896559545926277	5.345566362498541	0.0	0.0	25.283950781481906	10.653998722098205
SRX8694716										20.705944289685778	3.132409029947262	4.6288888421897	0.14490092631141335	0.0	25.758458060311686	11.120734159755603
SRX8694717										21.695493590404713	4.288502710885956	6.109840640284812	0.25524826282989105	0.0	24.812825120608885	10.91215590636201
SRX8694718										19.643584564812837	11.794944138386569	7.171126125475825	3.321531914341453	0.30407061679244807	21.95647731279968	9.280709716367884
SRX8694719										20.569001546479328	12.942593862945746	8.036685298513767	3.174951335843531	0.0	20.73794699644692	9.52472137233309
SRX8694720										20.828446564045525	13.021864012152532	8.358520907761532	2.5473848611346677	0.2861611092979745	20.468158239547208	9.434357217245372
SRX8694721										20.60445086150115	11.648158933808547	7.755194303629221	3.4817689016375386	0.5361325970219689	21.432454448469795	9.74529209792071
SRX8694722										21.055084529658476	14.027985491306655	8.043077151112936	3.615722445834875	1.7591463995454106	19.981424360483675	9.428559719161122
SRX8694723										19.405147907496016	12.127927815062893	7.334955346480113	3.7339725237668224	1.1620817397658947	21.434292848310644	9.185430002562017
SRX8694724										19.802829157135427	12.71436448332521	7.085984788992933	3.691860664936686	0.604286856085399	21.301136281289732	9.266670389784741
SRX8694725										19.974354382067247	13.130603865036743	7.184815585603535	3.5756826499622933	1.3757704061445906	20.88723232972674	9.087836583656193
SRX8694726										20.35572432717478	14.578029132633313	7.634247465935581	5.938091389673513	4.026725951396	18.248147995035715	8.571163275244608
SRX8694727										20.324095164198752	14.14206650376498	7.636313470279414	5.34269636536699	3.1273297341479567	18.999783007986046	8.850433208846455
SRX8694728										22.254575108622358	7.949473872094671	7.022848203212814	0.11367613969432407	0.0	23.44268356376741	9.970047380158121
SRX8694729										23.05666340355247	15.235077350856974	9.27905292192687	2.039473545188376	0.4622247223201951	20.53928921309844	9.73368971455167
