Sample	reads_aligned_percentage	not_aligned_percentage	not_aligned	reads_processed	reads_aligned
Kiley_A_DZM0422_Aerobic_A	96.98	3.02	1092249.0	36209803.0	35117554.0
Kiley_A_DZM0422_Aerobic_B	97.14	2.86	982897.0	34351769.0	33368872.0
Kiley_A_DZM0422_Aerobic_C	96.99	3.01	1052417.0	34965019.0	33912602.0
Kiley_A_DZM0422_Anaerobic_A	95.58	4.42	1647525.0	37252520.0	35604995.0
Kiley_A_DZM0422_Anaerobic_B	95.62	4.38	1380976.0	31503978.0	30123002.0
Kiley_A_DZM0422_Anaerobic_C	96.3	3.7	1112427.0	30100604.0	28988177.0
Kiley_A_WT_Aerobic_A	95.77	4.23	1382065.0	32707126.0	31325061.0
Kiley_A_WT_Aerobic_B	96.52	3.48	1008258.0	29010123.0	28001865.0
Kiley_A_WT_Aerobic_C	96.86	3.14	1017111.0	32390557.0	31373446.0
Kiley_A_WT_Anaerobic_A	95.24	4.76	1440036.0	30225623.0	28785587.0
Kiley_A_WT_Anaerobic_B	95.27	4.73	1551121.0	32803160.0	31252039.0
Kiley_A_WT_Anaerobic_C	96.28	3.72	1051863.0	28259068.0	27207205.0
Kiley_B_Dfur_-O2_A	96.16	3.84	158351.0	4121817.0	3963466.0
Kiley_B_Dfur_-O2_B	95.33	4.67	199745.0	4279474.0	4079729.0
Kiley_B_Dfur_-O2_C	95.71	4.29	159261.0	3715838.0	3556577.0
Kiley_B_DrsuR_-O2_A	96.29	3.71	137859.0	3711922.0	3574063.0
Kiley_B_DrsuR_-O2_B	96.38	3.62	147967.0	4092452.0	3944485.0
Kiley_B_DrsuR_-O2_C	96.86	3.14	150614.0	4792966.0	4642352.0
Kiley_B_WT_+O2_Ctrl_A	97.45	2.55	97324.0	3822251.0	3724927.0
Kiley_B_WT_+O2_Ctrl_B	97.04	2.96	99137.0	3347752.0	3248615.0
Kiley_B_WT_+O2_Ctrl_C	96.63	3.37	131879.0	3909283.0	3777404.0
Kiley_B_WT_+O2_Paraquat_A	96.12	3.88	153303.0	3953633.0	3800330.0
Kiley_B_WT_+O2_Paraquat_B	96.37	3.63	118518.0	3260660.0	3142142.0
Kiley_B_WT_+O2_Paraquat_C	97.2	2.8	134791.0	4808759.0	4673968.0
Kiley_B_WT_-O2_Ctrl_A	97.33	2.67	110931.0	4162430.0	4051499.0
Kiley_B_WT_-O2_Ctrl_B	96.28	3.72	115999.0	3116951.0	3000952.0
Kiley_B_WT_-O2_Ctrl_C	96.76	3.24	133291.0	4108839.0	3975548.0
Kiley_B_WT_-O2_NoFe_A	97.02	2.98	123343.0	4139046.0	4015703.0
Kiley_B_WT_-O2_NoFe_B	96.25	3.75	185850.0	4960365.0	4774515.0
Kiley_B_WT_-O2_NoFe_C	95.68	4.32	189682.0	4387293.0	4197611.0
Kiley_B_WT_-O2_NoFe_DIP_A	95.62	4.38	140977.0	3217597.0	3076620.0
Kiley_B_WT_-O2_NoFe_DIP_B	96.53	3.47	149428.0	4306634.0	4157206.0
Kiley_B_WT_-O2_NoFe_DIP_C	96.19	3.81	223179.0	5863653.0	5640474.0
Kiley_B_WT_-O2_Peroxide_A	97.2	2.8	117409.0	4198447.0	4081038.0
Kiley_B_WT_-O2_Peroxide_C	96.4	3.6	137434.0	3818506.0	3681072.0
SRX10341586	94.41	5.59	508079.0	9088425.0	8580346.0
SRX10341587	93.7	6.3	560961.0	8905755.0	8344794.0
SRX10341588	95.17	4.83	359971.0	7450199.0	7090228.0
SRX10341589	96.24	3.76	309509.0	8221261.0	7911752.0
SRX10341590	90.78	9.22	1152902.0	12509896.0	11356994.0
SRX10341591	90.48	9.52	1199343.0	12596381.0	11397038.0
SRX10341592	95.84	4.16	335760.0	8067787.0	7732027.0
SRX10341593	95.41	4.59	381245.0	8308643.0	7927398.0
SRX10341594	95.08	4.92	472278.0	9603527.0	9131249.0
SRX10341595	94.65	5.35	502871.0	9396693.0	8893822.0
SRX10341596	95.23	4.77	434418.0	9111564.0	8677146.0
SRX10341597	94.89	5.11	373556.0	7312482.0	6938926.0
SRX11348531	70.25	29.75	3238167.0	10885417.0	7647250.0
SRX11348532	71.63	28.37	3634442.0	12812744.0	9178302.0
SRX1432806	68.23	31.77	4620313.0	14545282.0	9924969.0
SRX14563846	96.55	3.45	796292.0	23071688.0	22275396.0
SRX14563847	94.92	5.08	1089459.0	21441879.0	20352420.0
SRX14563848	90.53	9.47	2280728.0	24084203.0	21803475.0
SRX14563849	96.79	3.21	750265.0	23339702.0	22589437.0
SRX14570260	93.67	6.33	767182.0	12121307.0	11354125.0
SRX14570261	93.6	6.4	598890.0	9352030.0	8753140.0
SRX14570262	93.88	6.12	654452.0	10697417.0	10042965.0
SRX14570263	92.95	7.05	848647.0	12040155.0	11191508.0
SRX14570264	93.62	6.38	810352.0	12711059.0	11900707.0
SRX14570265	94.06	5.94	818980.0	13786146.0	12967166.0
SRX14570266	93.81	6.19	877464.0	14185946.0	13308482.0
SRX14570267	94.16	5.84	798184.0	13668098.0	12869914.0
SRX14570268	93.66	6.34	704747.0	11115864.0	10411117.0
SRX14570269	93.34	6.66	556197.0	8345837.0	7789640.0
SRX14570270	93.76	6.24	675866.0	10822915.0	10147049.0
SRX14570271	93.48	6.52	616023.0	9454219.0	8838196.0
SRX14570272	92.11	7.89	793256.0	10054459.0	9261203.0
SRX14570273	91.94	8.06	813660.0	10090497.0	9276837.0
SRX14570274	93.0	7.0	792948.0	11325286.0	10532338.0
SRX14570275	93.55	6.45	743873.0	11537789.0	10793916.0
SRX14570276	92.98	7.02	745226.0	10612159.0	9866933.0
SRX14570277	93.11	6.89	962824.0	13979652.0	13016828.0
SRX14953908	37.61	62.39	25317891.0	40576837.0	15258946.0
SRX14953909	87.18	12.82	4178405.0	32582049.0	28403644.0
SRX14953910	64.01	35.99	11877266.0	33003334.0	21126068.0
SRX14953911	83.57	16.43	5056445.0	30781115.0	25724670.0
SRX14953912	21.37	78.63	24720454.0	31438520.0	6718066.0
SRX14953913	80.23	19.77	6966687.0	35236142.0	28269455.0
SRX14953914	18.55	81.45	23303372.0	28610815.0	5307443.0
SRX14953915	20.54	79.46	22783396.0	28674180.0	5890784.0
SRX14953916	45.63	54.37	17984933.0	33080696.0	15095763.0
SRX14953917	82.06	17.94	5973473.0	33298159.0	27324686.0
SRX14953918	90.26	9.74	3470521.0	35621813.0	32151292.0
SRX14953919	31.89	68.11	24794376.0	36402600.0	11608224.0
SRX14953920	20.67	79.33	26799972.0	33783112.0	6983140.0
SRX14953921	43.51	56.49	19883132.0	35199521.0	15316389.0
SRX14953922	17.47	82.53	30850353.0	37378598.0	6528245.0
SRX14953923	33.17	66.83	24621270.0	36840129.0	12218859.0
SRX14953924	89.94	10.06	2769101.0	27527543.0	24758442.0
SRX14953925	13.4	86.6	26644165.0	30766680.0	4122515.0
SRX14953926	54.98	45.02	12199876.0	27101077.0	14901201.0
SRX14953927	26.68	73.32	24488242.0	33401064.0	8912822.0
SRX14953928	15.41	84.59	31129106.0	36800174.0	5671068.0
SRX14953929	26.99	73.01	22364272.0	30632276.0	8268004.0
SRX14953930	72.15	27.85	8820755.0	31671621.0	22850866.0
SRX14953931	12.47	87.53	19698154.0	22503368.0	2805214.0
SRX14953932	5.67	94.33	22629075.0	23989620.0	1360545.0
SRX18804540	95.37	4.63	490603.0	10587040.0	10096437.0
SRX18804541	94.74	5.26	585816.0	11128484.0	10542668.0
SRX18804542	95.47	4.53	414817.0	9148114.0	8733297.0
SRX18804543	95.52	4.48	415332.0	9265501.0	8850169.0
SRX18804544	94.62	5.38	699070.0	12988299.0	12289229.0
SRX18804545	94.61	5.39	626822.0	11629682.0	11002860.0
SRX18804546	95.89	4.11	365642.0	8887036.0	8521394.0
SRX18804547	95.33	4.67	487546.0	10433938.0	9946392.0
SRX18804548	91.43	8.57	912111.0	10641261.0	9729150.0
SRX18804549	92.66	7.34	699251.0	9525001.0	8825750.0
SRX18804550	92.84	7.16	625867.0	8739462.0	8113595.0
SRX18804551	93.14	6.86	560130.0	8169144.0	7609014.0
SRX18804552	85.18	14.82	1214940.0	8199473.0	6984533.0
SRX18804553	93.0	7.0	595311.0	8505338.0	7910027.0
SRX18804554	92.9	7.1	559153.0	7873984.0	7314831.0
SRX19817112	39.96	60.04	6553507.0	10915150.0	4361643.0
SRX19817113	41.2	58.8	5760020.0	9796353.0	4036333.0
SRX19817114	48.78	51.22	5334906.0	10415459.0	5080553.0
SRX19817115	39.31	60.69	6475829.0	10669560.0	4193731.0
SRX19817116	40.74	59.26	6186119.0	10438218.0	4252099.0
SRX19817117	49.98	50.02	5588411.0	11171894.0	5583483.0
SRX2036088	94.12	5.88	2754120.0	46848459.0	44094339.0
SRX2036089	93.99	6.01	2637388.0	43849209.0	41211821.0
SRX2036090	94.9	5.1	2188677.0	42895167.0	40706490.0
SRX2036091	94.1	5.9	2416302.0	40935915.0	38519613.0
SRX2036300	95.5	4.5	605021.0	13438905.0	12833884.0
SRX2036303	95.76	4.24	522444.0	12310695.0	11788251.0
SRX2036305	95.31	4.69	705480.0	15048040.0	14342560.0
SRX2036307	95.04	4.96	780305.0	15731002.0	14950697.0
SRX2037533	93.62	6.38	2350717.0	36872669.0	34521952.0
SRX2037535	93.71	6.29	2422873.0	38527589.0	36104716.0
SRX2037536	77.92	22.08	10738957.0	48628233.0	37889276.0
SRX2037537	80.23	19.77	11557482.0	58473337.0	46915855.0
SRX2037538	94.94	5.06	2482851.0	49080871.0	46598020.0
SRX2037540	95.12	4.88	1981417.0	40585163.0	38603746.0
SRX2037541	84.55	15.45	6502824.0	42076571.0	35573747.0
SRX2037542	83.82	16.18	7797908.0	48195731.0	40397823.0
SRX2037691	79.65	20.35	3412725.0	16767085.0	13354360.0
SRX2037693	84.01	15.99	2702733.0	16906931.0	14204198.0
SRX2037695	83.6	16.4	2394654.0	14597230.0	12202576.0
SRX2037697	83.66	16.34	2510917.0	15370490.0	12859573.0
SRX2037699	76.56	23.44	3737055.0	15941687.0	12204632.0
SRX2037713	70.65	29.35	4876177.0	16612209.0	11736032.0
SRX2037715	71.43	28.57	4925957.0	17243776.0	12317819.0
SRX2037717	82.11	17.89	2329325.0	13022316.0	10692991.0
SRX2116174	68.13	31.87	1158517.0	3634694.0	2476177.0
SRX2116175	61.98	38.02	1482491.0	3899675.0	2417184.0
SRX2116176	92.44	7.56	262116.0	3467070.0	3204954.0
SRX21659709	93.38	6.62	676934.0	10232653.0	9555719.0
SRX21659710	93.19	6.81	762134.0	11198822.0	10436688.0
SRX21659711	93.73	6.27	1573285.0	25087324.0	23514039.0
SRX22720559	93.97	6.03	1094564.0	18140890.0	17046326.0
SRX22720560	94.64	5.36	970071.0	18112038.0	17141967.0
SRX22720561	94.79	5.21	943823.0	18098585.0	17154762.0
SRX22720562	94.83	5.17	932887.0	18035011.0	17102124.0
SRX22720563	94.14	5.86	1057206.0	18040233.0	16983027.0
SRX22720564	95.11	4.89	886753.0	18145210.0	17258457.0
SRX22720565	94.28	5.72	1033046.0	18051842.0	17018796.0
SRX22720566	93.26	6.74	1221216.0	18113583.0	16892367.0
SRX22720567	94.99	5.01	902805.0	18023406.0	17120601.0
SRX22720568	94.46	5.54	999989.0	18036550.0	17036561.0
SRX22720569	94.83	5.17	935784.0	18089369.0	17153585.0
SRX22720570	94.29	5.71	1035299.0	18117784.0	17082485.0
SRX22720571	94.71	5.29	958581.0	18133602.0	17175021.0
SRX22720572	96.01	3.99	720254.0	18064867.0	17344613.0
SRX22720573	94.77	5.23	942515.0	18026522.0	17084007.0
SRX22720574	94.2	5.8	1049225.0	18081200.0	17031975.0
SRX22720575	94.41	5.59	1007413.0	18013353.0	17005940.0
SRX22720576	94.98	5.02	905716.0	18044288.0	17138572.0
SRX22720577	94.57	5.43	982292.0	18083534.0	17101242.0
SRX22720578	94.9	5.1	920091.0	18034333.0	17114242.0
SRX22720579	94.44	5.56	1006463.0	18094287.0	17087824.0
SRX3316529	96.44	3.56	1217858.0	34187657.0	32969799.0
SRX3316530	96.54	3.46	944374.0	27267106.0	26322732.0
SRX3316531	96.54	3.46	946816.0	27384912.0	26438096.0
SRX3316532	94.18	5.82	1819233.0	31276617.0	29457384.0
SRX3316533	95.8	4.2	1303632.0	31008374.0	29704742.0
SRX3316534	94.24	5.76	1539895.0	26720386.0	25180491.0
SRX3316535	94.73	5.27	1479851.0	28096774.0	26616923.0
SRX3316536	94.27	5.73	1551534.0	27088389.0	25536855.0
SRX3316537	95.99	4.01	1107430.0	27615590.0	26508160.0
SRX3316538	94.81	5.19	1392905.0	26824681.0	25431776.0
SRX3316539	96.29	3.71	915754.0	24670955.0	23755201.0
SRX3316540	94.19	5.81	1713904.0	29475617.0	27761713.0
SRX3316541	96.5	3.5	1057513.0	30191895.0	29134382.0
SRX3316542	95.89	4.11	1109099.0	26983182.0	25874083.0
SRX3316543	96.14	3.86	1163558.0	30129879.0	28966321.0
SRX3316544	95.55	4.45	1060474.0	23851713.0	22791239.0
SRX3316545	95.6	4.4	1018044.0	23142305.0	22124261.0
SRX3316546	96.04	3.96	1092173.0	27559711.0	26467538.0
SRX3316547	96.34	3.66	792712.0	21680779.0	20888067.0
SRX3316548	96.54	3.46	814764.0	23576668.0	22761904.0
SRX3316549	96.87	3.13	715783.0	22880613.0	22164830.0
SRX3316550	96.31	3.69	1016331.0	27570773.0	26554442.0
SRX3316551	96.63	3.37	986643.0	29274630.0	28287987.0
SRX3316552	96.44	3.56	950312.0	26696675.0	25746363.0
SRX3316553	95.56	4.44	1104470.0	24895673.0	23791203.0
SRX3316554	96.08	3.92	1005095.0	25638923.0	24633828.0
SRX3316555	95.69	4.31	970503.0	22534298.0	21563795.0
SRX3316556	96.59	3.41	815458.0	23901637.0	23086179.0
SRX3316557	96.08	3.92	1033973.0	26348637.0	25314664.0
SRX3316558	95.68	4.32	968259.0	22398675.0	21430416.0
SRX3316559	95.14	4.86	1254125.0	25816043.0	24561918.0
SRX3316560	96.09	3.91	1021873.0	26109608.0	25087735.0
SRX3316561	94.72	5.28	1418998.0	26850148.0	25431150.0
SRX3316625	95.59	4.41	1102802.0	24988709.0	23885907.0
SRX3316626	94.16	5.84	1424060.0	24387637.0	22963577.0
SRX3316627	95.94	4.06	1028607.0	25340420.0	24311813.0
SRX3316628	95.61	4.39	1112340.0	25322597.0	24210257.0
SRX3316629	96.23	3.77	883732.0	23458398.0	22574666.0
SRX3316630	95.59	4.41	1333834.0	30224370.0	28890536.0
SRX3316631	96.47	3.53	991560.0	28121194.0	27129634.0
SRX3316632	96.17	3.83	907342.0	23665284.0	22757942.0
SRX3316633	94.39	5.61	1329772.0	23686120.0	22356348.0
SRX3316634	95.74	4.26	1052363.0	24683487.0	23631124.0
SRX3316735	81.48	18.52	5309121.0	28662558.0	23353437.0
SRX3316736	85.23	14.77	4621982.0	31293423.0	26671441.0
SRX3316737	83.5	16.5	5387467.0	32642950.0	27255483.0
SRX3316738	85.08	14.92	4424273.0	29647573.0	25223300.0
SRX3316739	83.61	16.39	4174468.0	25471284.0	21296816.0
SRX3316740	69.52	30.48	6029660.0	19780477.0	13750817.0
SRX3316741	86.57	13.43	5118326.0	38120856.0	33002530.0
SRX3316742	85.48	14.52	4259946.0	29344818.0	25084872.0
SRX3316743	84.41	15.59	4560959.0	29251085.0	24690126.0
SRX3316744	64.03	35.97	2830743.0	7870040.0	5039297.0
SRX3316745	67.08	32.92	7560777.0	22966819.0	15406042.0
SRX3316746	66.14	33.86	7477105.0	22079987.0	14602882.0
SRX3316747	77.4	22.6	6115426.0	27058157.0	20942731.0
SRX3316748	84.56	15.44	4099946.0	26548565.0	22448619.0
SRX3316749	77.17	22.83	5722516.0	25064444.0	19341928.0
SRX3316750	84.59	15.41	4227992.0	27434622.0	23206630.0
SRX3316751	81.88	18.12	3952998.0	21818113.0	17865115.0
SRX3316752	83.58	16.42	2902341.0	17671125.0	14768784.0
SRX3316753	82.99	17.01	3863308.0	22715829.0	18852521.0
SRX3316754	83.2	16.8	3403864.0	20264952.0	16861088.0
SRX3316755	82.71	17.29	4498099.0	26021672.0	21523573.0
SRX3316756	82.75	17.25	3322164.0	19262417.0	15940253.0
SRX3316757	82.99	17.01	3521283.0	20702922.0	17181639.0
SRX3316758	83.71	16.29	4273421.0	26232572.0	21959151.0
SRX3411505	65.86	34.14	2667435.0	7814015.0	5146580.0
SRX3411506	58.89	41.11	2007032.0	4882364.0	2875332.0
SRX3411507	57.27	42.73	2530335.0	5921763.0	3391428.0
SRX3411508	67.67	32.33	1574090.0	4869241.0	3295151.0
SRX3411509	64.09	35.91	1936955.0	5393816.0	3456861.0
SRX3411510	34.46	65.54	3620986.0	5524772.0	1903786.0
SRX3411511	47.55	52.45	3461835.0	6600166.0	3138331.0
SRX3411512	51.33	48.67	2030294.0	4171299.0	2141005.0
SRX3411513	50.21	49.79	2624434.0	5271239.0	2646805.0
SRX3411514	22.39	77.61	3476623.0	4479449.0	1002826.0
SRX3411515	14.98	85.02	3503305.0	4120768.0	617463.0
SRX3411516	21.31	78.69	4489363.0	5705116.0	1215753.0
SRX3411517	21.35	78.65	4298881.0	5466112.0	1167231.0
SRX3411518	21.87	78.13	2355373.0	3014835.0	659462.0
SRX3411519	14.08	85.92	2789419.0	3246599.0	457180.0
SRX3411520	30.89	69.11	2387505.0	3454582.0	1067077.0
SRX3411521	26.97	73.03	3831795.0	5246880.0	1415085.0
SRX3411522	16.04	83.96	3393520.0	4041952.0	648432.0
SRX3411523	13.85	86.15	3895738.0	4521823.0	626085.0
SRX3411524	35.17	64.83	4036017.0	6225367.0	2189350.0
SRX3411525	13.77	86.23	3745834.0	4343858.0	598024.0
SRX3541437	37.73	62.27	25120996.0	40340842.0	15219846.0
SRX3541438	87.9	12.1	3898915.0	32231700.0	28332785.0
SRX3541439	64.37	35.63	11658328.0	32719052.0	21060724.0
SRX3541440	83.84	16.16	4944987.0	30606642.0	25661655.0
SRX3541441	21.43	78.57	24569545.0	31270580.0	6701035.0
SRX3541442	80.57	19.43	6797470.0	34982275.0	28184805.0
SRX3541443	18.65	81.35	23078432.0	28369857.0	5291425.0
SRX3541444	20.6	79.4	22648086.0	28524487.0	5876401.0
SRX3541445	45.85	54.15	17781419.0	32839959.0	15058540.0
SRX3541446	33.31	66.69	24386301.0	36566020.0	12179719.0
SRX3541447	13.47	86.53	26437667.0	30553964.0	4116297.0
SRX3541448	55.37	44.63	11992539.0	26869457.0	14876918.0
SRX3541449	15.52	84.48	30785493.0	36439102.0	5653609.0
SRX3541450	27.13	72.87	22157041.0	30406857.0	8249816.0
SRX3541451	72.41	27.59	8690645.0	31504204.0	22813559.0
SRX3541452	12.52	87.48	19576180.0	22376682.0	2800502.0
SRX3541453	5.7	94.3	22460193.0	23818423.0	1358230.0
SRX5252024	99.21	0.79	108502.0	13698152.0	13589650.0
SRX5252025	99.48	0.52	62724.0	12023266.0	11960542.0
SRX5252026	98.85	1.15	103992.0	9016832.0	8912840.0
SRX5252027	98.01	1.99	226030.0	11339091.0	11113061.0
SRX5252028	99.41	0.59	88454.0	15062119.0	14973665.0
SRX5252029	99.31	0.69	68474.0	9952065.0	9883591.0
SRX5252030	99.49	0.51	58404.0	11397206.0	11338802.0
SRX5252031	98.17	1.83	180201.0	9829374.0	9649173.0
SRX5252032	99.48	0.52	71665.0	13695255.0	13623590.0
SRX5252033	99.17	0.83	130611.0	15726537.0	15595926.0
SRX5252034	95.79	4.21	450969.0	10719334.0	10268365.0
SRX5252035	98.47	1.53	185565.0	12166127.0	11980562.0
SRX5252036	99.49	0.51	56453.0	11064660.0	11008207.0
SRX5252037	99.46	0.54	56634.0	10419260.0	10362626.0
SRX5252038	94.69	5.31	484663.0	9126947.0	8642284.0
SRX5252039	99.12	0.88	66588.0	7593064.0	7526476.0
SRX5252040	98.99	1.01	153466.0	15222423.0	15068957.0
SRX5252041	99.51	0.49	47795.0	9660158.0	9612363.0
SRX5252042	99.5	0.5	52210.0	10486606.0	10434396.0
SRX5252043	92.35	7.65	742449.0	9699609.0	8957160.0
SRX5252044	99.08	0.92	89382.0	9721380.0	9631998.0
SRX5252045	99.49	0.51	65471.0	12747049.0	12681578.0
SRX5252046	99.55	0.45	37697.0	8297021.0	8259324.0
SRX5252047	93.09	6.91	494970.0	7162056.0	6667086.0
SRX5252048	99.17	0.83	83922.0	10128295.0	10044373.0
SRX5252049	99.44	0.56	67053.0	12066036.0	11998983.0
SRX5252050	99.49	0.51	48781.0	9637094.0	9588313.0
SRX5252051	93.88	6.12	506468.0	8269155.0	7762687.0
SRX5252052	99.23	0.77	85393.0	11119974.0	11034581.0
SRX5252053	99.22	0.78	120726.0	15384800.0	15264074.0
SRX5252054	99.2	0.8	90268.0	11226181.0	11135913.0
SRX5252055	99.22	0.78	105199.0	13531093.0	13425894.0
SRX5252056	99.11	0.89	139895.0	15764732.0	15624837.0
SRX5252057	98.99	1.01	142406.0	14068735.0	13926329.0
SRX5252058	98.99	1.01	159960.0	15796031.0	15636071.0
SRX5252059	98.8	1.2	185417.0	15463863.0	15278446.0
SRX5252060	99.16	0.84	92168.0	10931858.0	10839690.0
SRX5252061	99.06	0.94	125672.0	13301825.0	13176153.0
SRX5329169	20.54	79.46	22783505.0	28674282.0	5890777.0
SRX5329170	83.57	16.43	5056557.0	30781203.0	25724646.0
SRX5329171	82.06	17.94	5973512.0	33298198.0	27324686.0
SRX5329172	80.23	19.77	6966784.0	35236236.0	28269452.0
SRX5329173	13.4	86.6	26644249.0	30766764.0	4122515.0
SRX5329174	90.26	9.74	3470644.0	35621932.0	32151288.0
SRX5329175	64.01	35.99	11877351.0	33003415.0	21126064.0
SRX5329176	20.67	79.33	26800056.0	33783195.0	6983139.0
SRX5329177	87.18	12.82	4178439.0	32582082.0	28403643.0
SRX5329178	18.55	81.45	23303463.0	28610906.0	5307443.0
SRX5329179	21.37	78.63	24720552.0	31438613.0	6718061.0
SRX5329180	33.17	66.83	24621315.0	36840170.0	12218855.0
SRX5329181	72.15	27.85	8820846.0	31671715.0	22850869.0
SRX5329182	89.94	10.06	2769193.0	27527624.0	24758431.0
SRX5329183	77.93	22.07	8408146.0	38096379.0	29688233.0
SRX5329184	37.61	62.39	25317941.0	40576887.0	15258946.0
SRX5329185	12.47	87.53	19698219.0	22503433.0	2805214.0
SRX5329186	5.67	94.33	22629145.0	23989690.0	1360545.0
SRX5329187	54.98	45.02	12199940.0	27101143.0	14901203.0
SRX5329188	45.63	54.37	17985056.0	33080807.0	15095751.0
SRX5329189	26.99	73.01	22364375.0	30632374.0	8267999.0
SRX5329190	15.41	84.59	31129153.0	36800220.0	5671067.0
SRX5329191	17.47	82.53	30850396.0	37378641.0	6528245.0
SRX5329192	26.68	73.32	24488283.0	33401102.0	8912819.0
SRX5329193	43.51	56.49	19883176.0	35199560.0	15316384.0
SRX5329194	31.89	68.11	24794432.0	36402650.0	11608218.0
SRX6700162	95.41	4.59	1703230.0	37101464.0	35398234.0
SRX6700163	95.98	4.02	1364419.0	33936848.0	32572429.0
SRX6700164	95.3	4.7	1945727.0	41397919.0	39452192.0
SRX6700165	96.05	3.95	1669181.0	42288243.0	40619062.0
SRX6700166	94.32	5.68	2070714.0	36483590.0	34412876.0
SRX6700167	94.94	5.06	1767980.0	34967297.0	33199317.0
SRX6700168	95.97	4.03	1601110.0	39717574.0	38116464.0
SRX6700169	95.64	4.36	1529198.0	35086281.0	33557083.0
SRX6700170	96.01	3.99	1633684.0	40981955.0	39348271.0
SRX6700171	95.4	4.6	2037758.0	44265043.0	42227285.0
SRX6700172	95.59	4.41	1772317.0	40166194.0	38393877.0
SRX6700173	95.43	4.57	1598572.0	34976537.0	33377965.0
SRX6700174	95.66	4.34	1774076.0	40903020.0	39128944.0
SRX6700175	95.61	4.39	1600308.0	36455366.0	34855058.0
SRX6700176	95.93	4.07	1676429.0	41172219.0	39495790.0
SRX6700177	95.32	4.68	1369073.0	29225425.0	27856352.0
SRX6700178	94.91	5.09	1485424.0	29193538.0	27708114.0
SRX6700179	85.51	14.49	5834874.0	40257068.0	34422194.0
SRX6700180	77.96	22.04	10578731.0	47992031.0	37413300.0
SRX6700181	96.96	3.04	1025567.0	33734197.0	32708630.0
SRX6700182	84.43	15.57	6829717.0	43872257.0	37042540.0
SRX6700183	96.17	3.83	1152261.0	30100393.0	28948132.0
SRX6700184	95.47	4.53	1813258.0	40000921.0	38187663.0
SRX6700185	96.04	3.96	1528005.0	38579607.0	37051602.0
SRX6922015	87.16	12.84	1213600.0	9452574.0	8238974.0
SRX6922016	87.17	12.83	746082.0	5816088.0	5070006.0
SRX6922017	91.27	8.73	936346.0	10722955.0	9786609.0
SRX6922018	93.02	6.98	565321.0	8095995.0	7530674.0
SRX6922019	91.87	8.13	1177525.0	14487747.0	13310222.0
SRX6922020	90.94	9.06	802498.0	8859257.0	8056759.0
SRX6922021	91.24	8.76	960146.0	10955372.0	9995226.0
SRX6922022	87.26	12.74	1281218.0	10058088.0	8776870.0
SRX6922023	92.08	7.92	703039.0	8873735.0	8170696.0
SRX6922024	93.19	6.81	651108.0	9566852.0	8915744.0
SRX6922025	92.85	7.15	673379.0	9412712.0	8739333.0
SRX6922026	90.31	9.69	1155189.0	11927268.0	10772079.0
SRX6922027	90.43	9.57	1145184.0	11967347.0	10822163.0
SRX6922028	90.52	9.48	943299.0	9953569.0	9010270.0
SRX6922029	92.88	7.12	671324.0	9422597.0	8751273.0
SRX7101023	93.05	6.95	2661625.0	38313501.0	35651876.0
SRX7101024	98.22	1.78	627429.0	35152468.0	34525039.0
SRX7101025	98.29	1.71	616056.0	36111384.0	35495328.0
SRX7101026	98.01	1.99	635509.0	31867022.0	31231513.0
SRX7101027	98.13	1.87	670136.0	35873332.0	35203196.0
SRX7101028	97.92	2.08	795739.0	38226772.0	37431033.0
SRX7101029	97.6	2.4	981193.0	40827951.0	39846758.0
SRX7101030	97.66	2.34	845655.0	36168561.0	35322906.0
SRX7101031	97.16	2.84	992696.0	34941948.0	33949252.0
SRX7101032	97.21	2.79	1067559.0	38213581.0	37146022.0
SRX7101033	96.81	3.19	1205222.0	37797214.0	36591992.0
SRX7101034	94.06	5.94	2382555.0	40113542.0	37730987.0
SRX7101035	85.24	14.76	5038306.0	34143555.0	29105249.0
SRX7101036	87.57	12.43	9838433.0	79149686.0	69311253.0
SRX7101037	84.33	15.67	11170552.0	71286230.0	60115678.0
SRX7101038	89.94	10.06	8029365.0	79810502.0	71781137.0
SRX7101039	88.24	11.76	9518792.0	80913728.0	71394936.0
SRX7101040	89.76	10.24	8498145.0	82979739.0	74481594.0
SRX7101041	86.43	13.57	9444515.0	69618645.0	60174130.0
SRX7551986	92.75	7.25	489662.0	6752546.0	6262884.0
SRX7551987	92.69	7.31	469301.0	6417511.0	5948210.0
SRX7551988	94.04	5.96	253943.0	4261001.0	4007058.0
SRX7551989	93.88	6.12	354732.0	5791989.0	5437257.0
SRX7551990	93.98	6.02	362982.0	6027975.0	5664993.0
SRX7551991	94.49	5.51	290461.0	5268866.0	4978405.0
SRX8694706	96.0	4.0	153250.0	3829945.0	3676695.0
SRX8694707	95.6	4.4	193242.0	4390763.0	4197521.0
SRX8694708	95.96	4.04	176692.0	4377427.0	4200735.0
SRX8694709	96.8	3.2	135838.0	4242843.0	4107005.0
SRX8694710	96.58	3.42	181770.0	5315324.0	5133554.0
SRX8694711	97.07	2.93	122047.0	4167804.0	4045757.0
SRX8694712	95.11	4.89	242361.0	4956322.0	4713961.0
SRX8694713	95.87	4.13	159815.0	3868503.0	3708688.0
SRX8694714	96.18	3.82	159725.0	4181433.0	4021708.0
SRX8694715	96.05	3.95	174868.0	4432192.0	4257324.0
SRX8694716	96.09	3.91	161357.0	4129134.0	3967777.0
SRX8694717	95.85	4.15	205857.0	4956273.0	4750416.0
SRX8694718	95.79	4.21	179316.0	4257227.0	4077911.0
SRX8694719	95.69	4.31	178863.0	4145764.0	3966901.0
SRX8694720	96.16	3.84	144081.0	3748460.0	3604379.0
SRX8694721	96.1	3.9	162652.0	4174584.0	4011932.0
SRX8694722	95.75	4.25	199789.0	4698305.0	4498516.0
SRX8694723	96.69	3.31	142270.0	4304229.0	4161959.0
SRX8694724	95.79	4.21	177615.0	4217295.0	4039680.0
SRX8694725	96.14	3.86	169168.0	4385694.0	4216526.0
SRX8694726	96.39	3.61	188604.0	5220168.0	5031564.0
SRX8694727	96.57	3.43	185069.0	5403074.0	5218005.0
SRX8694728	96.83	3.17	165994.0	5241586.0	5075592.0
SRX8694729	97.22	2.78	348111.0	12543259.0	12195148.0
