Sample	se_antisense	failed	pe_antisense	se_sense	pe_sense
Kiley_A_DZM0422_Aerobic_A		0.4416	0.5349		0.0235
Kiley_A_DZM0422_Aerobic_B		0.4382	0.5395		0.0224
Kiley_A_DZM0422_Aerobic_C		0.4377	0.5401		0.0221
Kiley_A_DZM0422_Anaerobic_A		0.4245	0.5545		0.0209
Kiley_A_DZM0422_Anaerobic_B		0.4248	0.5522		0.023
Kiley_A_DZM0422_Anaerobic_C		0.4336	0.542		0.0244
Kiley_A_WT_Aerobic_A		0.4489	0.5256		0.0255
Kiley_A_WT_Aerobic_B		0.4522	0.5249		0.0229
Kiley_A_WT_Aerobic_C		0.4407	0.5391		0.0202
Kiley_A_WT_Anaerobic_A		0.4391	0.5385		0.0224
Kiley_A_WT_Anaerobic_B		0.4489	0.5314		0.0197
Kiley_A_WT_Anaerobic_C		0.4203	0.5568		0.0229
Kiley_B_Dfur_-O2_A		0.2414	0.7483		0.0103
Kiley_B_Dfur_-O2_B		0.0803	0.199		0.7207
Kiley_B_Dfur_-O2_C		0.4567	0.4522		0.0911
Kiley_B_DrsuR_-O2_A		0.5864	0.3754		0.0382
Kiley_B_DrsuR_-O2_B		0.2568	0.7354		0.0077
Kiley_B_DrsuR_-O2_C		0.2217	0.4938		0.2845
Kiley_B_WT_+O2_Ctrl_A		0.3448	0.5173		0.1379
Kiley_B_WT_+O2_Ctrl_B		0.5455	0.4529		0.0016
Kiley_B_WT_+O2_Ctrl_C		0.0611	0.274		0.665
Kiley_B_WT_+O2_Paraquat_A		0.3904	0.5005		0.109
Kiley_B_WT_+O2_Paraquat_B		0.3866	0.5365		0.0769
Kiley_B_WT_+O2_Paraquat_C		0.3327	0.648		0.0193
Kiley_B_WT_-O2_Ctrl_A		0.1443	0.8477		0.008
Kiley_B_WT_-O2_Ctrl_B		0.4319	0.5195		0.0486
Kiley_B_WT_-O2_Ctrl_C		0.1858	0.814		0.0002
Kiley_B_WT_-O2_NoFe_A		0.2754	0.3594		0.3652
Kiley_B_WT_-O2_NoFe_B		0.1496	0.6266		0.2238
Kiley_B_WT_-O2_NoFe_C		0.3463	0.5843		0.0695
Kiley_B_WT_-O2_NoFe_DIP_A		0.3803	0.2899		0.3298
Kiley_B_WT_-O2_NoFe_DIP_B		0.4303	0.5492		0.0205
Kiley_B_WT_-O2_NoFe_DIP_C		0.3945	0.5891		0.0164
Kiley_B_WT_-O2_Peroxide_A		0.3126	0.6711		0.0162
Kiley_B_WT_-O2_Peroxide_C		0.4304	0.5195		0.0501
SRX10341586		0.4171	0.5543		0.0286
SRX10341587		0.4409	0.5101		0.049
SRX10341588		0.4214	0.5445		0.0341
SRX10341589		0.5009	0.4439		0.0553
SRX10341590		0.4508	0.5252		0.024
SRX10341591		0.4388	0.5341		0.0271
SRX10341592		0.4134	0.5568		0.0297
SRX10341593		0.4217	0.5464		0.032
SRX10341594		0.4233	0.5471		0.0296
SRX10341595		0.411	0.5548		0.0342
SRX10341596		0.4218	0.5425		0.0357
SRX10341597		0.422	0.5465		0.0316
SRX11348531		0.3993	0.5518		0.0489
SRX11348532		0.4076	0.545		0.0474
SRX1432806	0.2567	0.7103		0.033	
SRX14563846		0.4014	0.5839		0.0147
SRX14563847		0.4149	0.5713		0.0138
SRX14563848		0.4335	0.5504		0.0162
SRX14563849		0.4051	0.582		0.0129
SRX14570260		0.3828	0.574		0.0432
SRX14570261		0.3819	0.5746		0.0435
SRX14570262		0.3844	0.5734		0.0423
SRX14570263		0.3685	0.5776		0.0539
SRX14570264		0.3758	0.5744		0.0498
SRX14570265		0.4101	0.548		0.0418
SRX14570266		0.4147	0.5413		0.044
SRX14570267		0.3729	0.5892		0.0379
SRX14570268		0.3639	0.5939		0.0423
SRX14570269		0.3938	0.5602		0.046
SRX14570270		0.3878	0.5686		0.0436
SRX14570271		0.3953	0.5543		0.0505
SRX14570272		0.3756	0.5719		0.0525
SRX14570273		0.3707	0.5784		0.051
SRX14570274		0.3769	0.5739		0.0492
SRX14570275		0.3785	0.5705		0.051
SRX14570276		0.3675	0.5853		0.0472
SRX14570277		0.3623	0.5871		0.0506
SRX14953908		0.4566	0.529		0.0144
SRX14953909		0.3961	0.5857		0.0181
SRX14953910		0.4238	0.5613		0.0149
SRX14953911		0.402	0.5834		0.0146
SRX14953912		0.475	0.5083		0.0167
SRX14953913		0.4767	0.4864		0.0369
SRX14953914		0.5352	0.4289		0.0359
SRX14953915		0.5182	0.4498		0.032
SRX14953916		0.4985	0.4679		0.0336
SRX14953917		0.4174	0.5641		0.0184
SRX14953918		0.3869	0.597		0.0161
SRX14953919		0.4453	0.5399		0.0149
SRX14953920		0.5153	0.4576		0.0271
SRX14953921		0.4591	0.5152		0.0257
SRX14953922		0.5352	0.4293		0.0356
SRX14953923		0.4407	0.5242		0.0351
SRX14953924		0.4012	0.5749		0.0239
SRX14953925		0.4691	0.5012		0.0296
SRX14953926		0.4212	0.5407		0.0381
SRX14953927		0.4863	0.485		0.0287
SRX14953928		0.5157	0.425		0.0593
SRX14953929		0.5669	0.3835		0.0496
SRX14953930		0.446	0.4814		0.0726
SRX14953931		0.5224	0.4165		0.0611
SRX14953932		0.5514	0.3946		0.054
SRX18804540		0.4108	0.5629		0.0263
SRX18804541		0.4121	0.5639		0.0239
SRX18804542		0.4002	0.5808		0.0191
SRX18804543		0.4321	0.5202		0.0477
SRX18804544		0.441	0.5081		0.0508
SRX18804545		0.4334	0.508		0.0586
SRX18804546		0.4247	0.5157		0.0596
SRX18804547		0.4254	0.5537		0.0209
SRX18804548		0.4406	0.5364		0.023
SRX18804549		0.3716	0.6099		0.0185
SRX18804550		0.3973	0.5426		0.06
SRX18804551		0.4048	0.5687		0.0264
SRX18804552		0.4074	0.5268		0.0659
SRX18804553		0.4094	0.5464		0.0441
SRX18804554		0.3609	0.5929		0.0462
SRX19817112		0.3822	0.6037		0.0141
SRX19817113		0.3944	0.5924		0.0131
SRX19817114		0.394	0.5909		0.015
SRX19817115		0.3776	0.6101		0.0123
SRX19817116		0.3811	0.6057		0.0132
SRX19817117		0.3821	0.6047		0.0132
SRX2036088	0.0101	0.9121		0.0777	
SRX2036089	0.0122	0.9165		0.0713	
SRX2036090	0.0082	0.926		0.0658	
SRX2036091	0.0087	0.9217		0.0696	
SRX2036300		0.4536	0.4587		0.0877
SRX2036303		0.457	0.4529		0.0902
SRX2036305		0.4546	0.4661		0.0793
SRX2036307		0.4241	0.4862		0.0896
SRX2037533	0.525	0.3995		0.0755	
SRX2037535	0.5319	0.3991		0.069	
SRX2037536	0.5157	0.4348		0.0495	
SRX2037537	0.5041	0.446		0.0499	
SRX2037538	0.4866	0.4345		0.0789	
SRX2037540	0.4772	0.4387		0.0842	
SRX2037541	0.4643	0.4679		0.0678	
SRX2037542	0.4668	0.4674		0.0657	
SRX2037691		0.5423	0.4014		0.0564
SRX2037693		0.6331	0.3193		0.0476
SRX2037695		0.5742	0.3677		0.0581
SRX2037697		0.5654	0.3733		0.0613
SRX2037699		0.5165	0.4177		0.0658
SRX2037713		0.5294	0.3994		0.0713
SRX2037715		0.5419	0.3995		0.0586
SRX2037717		0.6086	0.3379		0.0535
SRX2116174		0.6714	0.2864		0.0422
SRX2116175		0.6919	0.2667		0.0415
SRX2116176		0.6204	0.3557		0.0239
SRX21659709		0.5301	0.4545		0.0154
SRX21659710		0.4842	0.502		0.0138
SRX21659711		0.5128	0.4712		0.016
SRX22720559		0.3996	0.5836		0.0168
SRX22720560		0.4088	0.573		0.0182
SRX22720561		0.4222	0.5657		0.012
SRX22720562		0.4271	0.5566		0.0163
SRX22720563		0.412	0.5715		0.0164
SRX22720564		0.4014	0.5821		0.0165
SRX22720565		0.4258	0.5589		0.0152
SRX22720566		0.4259	0.5588		0.0153
SRX22720567		0.4117	0.5765		0.0117
SRX22720568		0.4168	0.5708		0.0124
SRX22720569		0.4061	0.5786		0.0153
SRX22720570		0.4051	0.5808		0.014
SRX22720571		0.4141	0.5682		0.0177
SRX22720572		0.4437	0.5404		0.0159
SRX22720573		0.4145	0.5675		0.018
SRX22720574		0.4224	0.5576		0.02
SRX22720575		0.4197	0.5599		0.0204
SRX22720576		0.406	0.5777		0.0163
SRX22720577		0.4003	0.5826		0.0171
SRX22720578		0.3988	0.5842		0.017
SRX22720579		0.4048	0.5773		0.0179
SRX3316529		0.4293	0.5219		0.0489
SRX3316530		0.374	0.6089		0.017
SRX3316531		0.3889	0.5891		0.0221
SRX3316532		0.3652	0.616		0.0188
SRX3316533		0.4603	0.5197		0.02
SRX3316534		0.4348	0.5461		0.0191
SRX3316535		0.3987	0.5827		0.0186
SRX3316536		0.4832	0.4468		0.07
SRX3316537		0.4165	0.5416		0.0419
SRX3316538		0.3916	0.5906		0.0178
SRX3316539		0.3905	0.5936		0.0159
SRX3316540		0.3709	0.6095		0.0196
SRX3316541		0.406	0.5672		0.0268
SRX3316542		0.3992	0.5793		0.0215
SRX3316543		0.3639	0.6167		0.0194
SRX3316544		0.3942	0.5863		0.0195
SRX3316545		0.3904	0.5902		0.0194
SRX3316546		0.3754	0.605		0.0197
SRX3316547		0.3974	0.5849		0.0177
SRX3316548		0.4074	0.5776		0.0149
SRX3316549		0.3938	0.5907		0.0156
SRX3316550		0.3933	0.5923		0.0144
SRX3316551		0.4838	0.4945		0.0217
SRX3316552		0.4225	0.5572		0.0203
SRX3316553		0.3997	0.5822		0.0181
SRX3316554		0.4266	0.5486		0.0247
SRX3316555		0.4282	0.5478		0.024
SRX3316556		0.4162	0.5565		0.0273
SRX3316557		0.386	0.5947		0.0193
SRX3316558		0.3981	0.5869		0.015
SRX3316559		0.3913	0.5869		0.0218
SRX3316560		0.4256	0.5548		0.0196
SRX3316561		0.417	0.5578		0.0253
SRX3316625		0.3897	0.5943		0.016
SRX3316626		0.3756	0.6053		0.0192
SRX3316627		0.396	0.5835		0.0205
SRX3316628		0.3849	0.5936		0.0215
SRX3316629		0.3765	0.6045		0.019
SRX3316630		0.377	0.6024		0.0206
SRX3316631		0.3805	0.601		0.0185
SRX3316632		0.3767	0.6069		0.0165
SRX3316633		0.3763	0.6052		0.0186
SRX3316634		0.3968	0.5806		0.0226
SRX3316735		0.4414	0.5429		0.0157
SRX3316736		0.4055	0.5776		0.0169
SRX3316737		0.4075	0.573		0.0195
SRX3316738		0.4152	0.5637		0.0212
SRX3316739		0.4163	0.5675		0.0162
SRX3316740		0.4713	0.5161		0.0126
SRX3316741		0.4616	0.52		0.0184
SRX3316742		0.4109	0.5718		0.0173
SRX3316743		0.411	0.5702		0.0188
SRX3316744		0.484	0.5022		0.0138
SRX3316745		0.4983	0.4893		0.0123
SRX3316746		0.4849	0.5034		0.0116
SRX3316747		0.4255	0.5592		0.0154
SRX3316748		0.4159	0.565		0.0192
SRX3316749		0.4381	0.5477		0.0142
SRX3316750		0.4153	0.5674		0.0172
SRX3316751		0.3957	0.5835		0.0208
SRX3316752		0.3946	0.5859		0.0195
SRX3316753		0.3917	0.5892		0.0191
SRX3316754		0.3981	0.5828		0.0191
SRX3316755		0.3953	0.586		0.0187
SRX3316756		0.3972	0.5824		0.0204
SRX3316757		0.3953	0.585		0.0197
SRX3316758		0.4021	0.5788		0.0191
SRX3411505		0.9513	0.0268		0.0219
SRX3411506		0.917	0.0457		0.0374
SRX3411507		0.9358	0.0362		0.028
SRX3411508		0.9542	0.0255		0.0203
SRX3411509		0.9518	0.0259		0.0223
SRX3411510		0.9316	0.0417		0.0267
SRX3411511		0.952	0.0257		0.0222
SRX3411512		0.9552	0.0261		0.0186
SRX3411513		0.933	0.038		0.029
SRX3411514		0.4929	0.2674		0.2397
SRX3411515		0.5634	0.2228		0.2138
SRX3411516		0.3383	0.3712		0.2905
SRX3411517		0.6947	0.1714		0.1339
SRX3411518		0.4585	0.2867		0.2547
SRX3411519		0.5402	0.2378		0.222
SRX3411520		0.7903	0.1276		0.0821
SRX3411521		0.4871	0.2588		0.2541
SRX3411522		0.6029	0.2052		0.192
SRX3411523		0.6302	0.1776		0.1922
SRX3411524		0.9203	0.0412		0.0385
SRX3411525		0.7191	0.1419		0.1389
SRX3541437		0.4567	0.5289		0.0144
SRX3541438		0.3961	0.5858		0.0181
SRX3541439		0.4238	0.5613		0.0149
SRX3541440		0.4019	0.5836		0.0146
SRX3541441		0.4752	0.5082		0.0166
SRX3541442		0.4767	0.4864		0.0369
SRX3541443		0.5353	0.4288		0.0358
SRX3541444		0.5183	0.4497		0.032
SRX3541445		0.4986	0.4677		0.0336
SRX3541446		0.4408	0.5242		0.035
SRX3541447		0.4692	0.5014		0.0294
SRX3541448		0.4214	0.5406		0.038
SRX3541449		0.5155	0.4251		0.0594
SRX3541450		0.5669	0.3834		0.0497
SRX3541451		0.4461	0.4813		0.0726
SRX3541452		0.5224	0.4165		0.0611
SRX3541453		0.5515	0.3946		0.0539
SRX5252024	0.4201	0.4309		0.149	
SRX5252025	0.3977	0.4241		0.1782	
SRX5252026	0.3648	0.4244		0.2108	
SRX5252027	0.4257	0.4347		0.1396	
SRX5252028	0.4421	0.4183		0.1396	
SRX5252029	0.4011	0.429		0.17	
SRX5252030	0.3799	0.4304		0.1897	
SRX5252031	0.4886	0.4259		0.0855	
SRX5252032	0.4252	0.4263		0.1485	
SRX5252033	0.4322	0.4412		0.1266	
SRX5252034	0.4289	0.4337		0.1374	
SRX5252035	0.4572	0.4557		0.0871	
SRX5252036	0.3724	0.4251		0.2025	
SRX5252037	0.3919	0.4287		0.1794	
SRX5252038	0.4361	0.4254		0.1384	
SRX5252039	0.3607	0.4284		0.2109	
SRX5252040	0.4575	0.4386		0.1039	
SRX5252041	0.367	0.4249		0.2081	
SRX5252042	0.3902	0.4254		0.1844	
SRX5252043	0.3953	0.4286		0.1761	
SRX5252044	0.3763	0.4278		0.1959	
SRX5252045	0.3977	0.4236		0.1787	
SRX5252046	0.3675	0.4217		0.2108	
SRX5252047	0.392	0.4306		0.1774	
SRX5252048	0.3726	0.4239		0.2035	
SRX5252049	0.3717	0.4262		0.2021	
SRX5252050	0.3631	0.4222		0.2147	
SRX5252051	0.3753	0.4247		0.2	
SRX5252052	0.3904	0.4152		0.1943	
SRX5252053	0.4368	0.4212		0.142	
SRX5252054	0.4135	0.4267		0.1598	
SRX5252055	0.4315	0.4154		0.1531	
SRX5252056	0.4432	0.4361		0.1207	
SRX5252057	0.4374	0.4267		0.136	
SRX5252058	0.5007	0.4207		0.0786	
SRX5252059	0.5043	0.4473		0.0485	
SRX5252060	0.3769	0.4211		0.202	
SRX5252061	0.4453	0.4218		0.1329	
SRX5329169		0.5182	0.4498		0.032
SRX5329170		0.402	0.5834		0.0146
SRX5329171		0.4174	0.5642		0.0184
SRX5329172		0.4767	0.4864		0.0369
SRX5329173		0.4691	0.5012		0.0296
SRX5329174		0.3869	0.597		0.0161
SRX5329175		0.4238	0.5613		0.0149
SRX5329176		0.5153	0.4576		0.0271
SRX5329177		0.3961	0.5857		0.0181
SRX5329178		0.5352	0.4289		0.0359
SRX5329179		0.475	0.5083		0.0167
SRX5329180		0.4407	0.5242		0.0351
SRX5329181		0.446	0.4814		0.0726
SRX5329182		0.4011	0.5749		0.0239
SRX5329183		0.4534	0.4822		0.0644
SRX5329184		0.4566	0.529		0.0144
SRX5329185		0.5223	0.4165		0.0611
SRX5329186		0.5514	0.3946		0.054
SRX5329187		0.4212	0.5407		0.0381
SRX5329188		0.4985	0.4679		0.0336
SRX5329189		0.5669	0.3836		0.0496
SRX5329190		0.5157	0.425		0.0593
SRX5329191		0.5352	0.4293		0.0356
SRX5329192		0.4863	0.4849		0.0287
SRX5329193		0.4591	0.5152		0.0257
SRX5329194		0.4453	0.5399		0.0149
SRX6700162		0.4054	0.579		0.0156
SRX6700163		0.3486	0.6369		0.0146
SRX6700164		0.4067	0.577		0.0163
SRX6700165		0.3717	0.607		0.0212
SRX6700166		0.4179	0.5566		0.0255
SRX6700167		0.4161	0.557		0.0269
SRX6700168		0.4241	0.5496		0.0262
SRX6700169		0.4437	0.5294		0.0269
SRX6700170		0.44	0.532		0.028
SRX6700171		0.4413	0.5		0.0587
SRX6700172		0.4325	0.5051		0.0625
SRX6700173		0.4483	0.4832		0.0685
SRX6700174		0.3803	0.6054		0.0143
SRX6700175		0.3932	0.5891		0.0176
SRX6700176		0.3925	0.5897		0.0177
SRX6700177		0.4066	0.5742		0.0192
SRX6700178		0.4107	0.5709		0.0185
SRX6700179		0.4577	0.5263		0.016
SRX6700180		0.526	0.4539		0.0201
SRX6700181		0.4445	0.5324		0.023
SRX6700182		0.5056	0.4753		0.0191
SRX6700183		0.4815	0.4666		0.052
SRX6700184		0.4698	0.4712		0.059
SRX6700185		0.4807	0.4699		0.0494
SRX6922015		0.4023	0.577		0.0207
SRX6922016		0.4052	0.5788		0.0161
SRX6922017		0.4127	0.5672		0.0201
SRX6922018		0.4169	0.562		0.0211
SRX6922019		0.3694	0.5972		0.0334
SRX6922020		0.3845	0.5783		0.0373
SRX6922021		0.3843	0.5789		0.0368
SRX6922022		0.4	0.5821		0.0179
SRX6922023		0.4025	0.5808		0.0167
SRX6922024		0.4026	0.5773		0.0201
SRX6922025		0.4071	0.5714		0.0214
SRX6922026		0.4062	0.573		0.0208
SRX6922027		0.403	0.5756		0.0214
SRX6922028		0.4041	0.5749		0.0209
SRX6922029		0.4122	0.5675		0.0203
SRX7101023		0.4124	0.5706		0.0169
SRX7101024		0.3971	0.5847		0.0182
SRX7101025		0.3989	0.5833		0.0178
SRX7101026		0.4376	0.5557		0.0067
SRX7101027		0.4484	0.5442		0.0074
SRX7101028		0.45	0.543		0.007
SRX7101029		0.4042	0.5769		0.0189
SRX7101030		0.4068	0.5781		0.0151
SRX7101031		0.4094	0.5732		0.0174
SRX7101032		0.4783	0.4986		0.0231
SRX7101033		0.4495	0.533		0.0175
SRX7101034		0.4628	0.5202		0.017
SRX7101035		0.4696	0.4401		0.0903
SRX7101036	0.5875	0.3934		0.0191	
SRX7101037	0.6087	0.3763		0.015	
SRX7101038	0.6002	0.383		0.0169	
SRX7101039	0.6026	0.3767		0.0207	
SRX7101040	0.6127	0.3681		0.0191	
SRX7101041	0.5942	0.3886		0.0172	
SRX7551986		0.4047	0.5774		0.0178
SRX7551987		0.3949	0.5886		0.0165
SRX7551988		0.4028	0.5758		0.0214
SRX7551989		0.4058	0.5723		0.022
SRX7551990		0.4194	0.56		0.0205
SRX7551991		0.4047	0.5749		0.0204
SRX8694706		0.4318	0.5483		0.0198
SRX8694707		0.4258	0.5566		0.0176
SRX8694708		0.4234	0.5562		0.0204
SRX8694709		0.4281	0.5523		0.0197
SRX8694710		0.4005	0.5871		0.0124
SRX8694711		0.4118	0.5759		0.0123
SRX8694712		0.4235	0.5657		0.0107
SRX8694713		0.4134	0.5767		0.0099
SRX8694714		0.4217	0.5666		0.0117
SRX8694715		0.4209	0.5631		0.016
SRX8694716		0.4178	0.5686		0.0135
SRX8694717		0.411	0.574		0.0151
SRX8694718		0.4305	0.5586		0.0109
SRX8694719		0.4338	0.5533		0.0128
SRX8694720		0.4038	0.5861		0.01
SRX8694721		0.4011	0.5846		0.0142
SRX8694722		0.4042	0.5842		0.0116
SRX8694723		0.4346	0.5562		0.0092
SRX8694724		0.4306	0.5581		0.0114
SRX8694725		0.438	0.5517		0.0103
SRX8694726		0.452	0.5401		0.0079
SRX8694727		0.4507	0.5405		0.0088
SRX8694728		0.4504	0.541		0.0086
SRX8694729		0.4507	0.5399		0.0095
