Sample	Bowtie 1_mqc-generalstats-bowtie_1-reads_aligned	featureCounts_mqc-generalstats-featurecounts-Assigned	FastQC_mqc-generalstats-fastqc-avg_sequence_length	FastQC_mqc-generalstats-fastqc-median_sequence_length	Bowtie 1_mqc-generalstats-bowtie_1-reads_aligned_percentage	FastQC_mqc-generalstats-fastqc-percent_gc	Cutadapt_mqc-generalstats-cutadapt-percent_trimmed	FastQC_mqc-generalstats-fastqc-total_sequences	featureCounts_mqc-generalstats-featurecounts-percent_assigned	FastQC_mqc-generalstats-fastqc-percent_duplicates	FastQC_mqc-generalstats-fastqc-percent_fails
Kiley_A_DZM0422_Aerobic_A	35117554.0	56316666	134.89368268587376	147	96.98	48.0	9.889658362339976	36209803.0	77.76439159307219	92.48086261320329	18.181818181818183
Kiley_A_DZM0422_Aerobic_B	33368872.0	54552211	135.67210102047437	147	97.14	48.0	9.359970470683049	34351769.0	79.40233150729443	92.15524977903756	18.181818181818183
Kiley_A_DZM0422_Aerobic_C	33912602.0	55045254	136.19503887585475	147	96.99	48.0	9.093504200477941	34965019.0	78.71474916115446	92.16608882059735	18.181818181818183
Kiley_A_DZM0422_Anaerobic_A	35604995.0	58375783	136.2974610039804	147	95.58	48.0	8.944407787834956	37252520.0	78.35145514987978	90.96674177938944	18.181818181818183
Kiley_A_DZM0422_Anaerobic_B	30123002.0	49423959	134.92614596163062	147	95.62	48.0	9.867652273876816	31503978.0	78.44082261611534	91.02732219993719	18.181818181818183
Kiley_A_DZM0422_Anaerobic_C	28988177.0	46669605	135.61562375957638	147	96.3	48.0	9.452123919946379	30100604.0	77.52270519222803	91.57900393657646	18.181818181818183
Kiley_A_WT_Aerobic_A	31325061.0	50364330	135.26459478585798	147	95.77	49.0	9.681937864509159	32707126.0	76.99290056851831	91.69838167438614	18.181818181818183
Kiley_A_WT_Aerobic_B	28001865.0	44983620	135.37137660533187	147	96.52	49.0	9.598395405556131	29010123.0	77.53090188552459	91.93775560106812	18.181818181818183
Kiley_A_WT_Aerobic_C	31373446.0	51289282	135.68678726333727	147	96.86	49.0	9.334309083029124	32390557.0	79.17320162169487	92.81681655889957	18.181818181818183
Kiley_A_WT_Anaerobic_A	28785587.0	46187071	132.6852426499199	147	95.24	48.0	11.383684662559029	30225623.0	76.40383624185347	91.03258212026621	18.181818181818183
Kiley_A_WT_Anaerobic_B	31252039.0	50037538	134.65767898580503	147	95.27	48.0	10.054319656650186	32803160.0	76.26938685175453	90.65930358346846	18.181818181818183
Kiley_A_WT_Anaerobic_C	27207205.0	45366315	136.274897530237	147	96.28	48.0	9.026452170169081	28259068.0	80.26859732245947	91.46571167359548	18.181818181818183
Kiley_B_Dfur_-O2_A	3963466.0	6881332	144.41732032256647	150	96.16	48.0	0.344533336778171	4121817.0	83.47449680565634	90.6304420702435	18.181818181818183
Kiley_B_Dfur_-O2_B	4079729.0	97409	144.3245060023732	150	95.33	47.0	0.3351758344118545	4279474.0	1.138095476219741	91.47109903244029	18.181818181818183
Kiley_B_Dfur_-O2_C	3556577.0	6172480	144.10055093898066	150	95.71	47.0	0.3142549028020325	3715838.0	83.05636575114416	88.44437125531417	18.181818181818183
Kiley_B_DrsuR_-O2_A	3574063.0	6267028	143.76245890942752	150	96.29	48.0	0.3282097769928449	3711922.0	84.41756049830789	90.62009610154811	18.181818181818183
Kiley_B_DrsuR_-O2_B	3944485.0	6920037	143.9902325060868	150	96.38	48.0	0.3350351593109275	4092452.0	84.546342877082	90.38870807726066	18.181818181818183
Kiley_B_DrsuR_-O2_C	4642352.0	8251754	144.02852137903753	150	96.86	48.0	0.3194298242692831	4792966.0	86.08191670877699	91.58536231453647	18.181818181818183
Kiley_B_WT_+O2_Ctrl_A	3724927.0	6434099	143.52225717254046	150	97.45	48.0	0.3244771167045568	3822251.0	84.16635903816886	88.40613120032486	18.181818181818183
Kiley_B_WT_+O2_Ctrl_B	3248615.0	5605926	143.09738923313316	150	97.04	48.0	0.3230715695735092	3347752.0	83.7267216926463	89.8874109202722	18.181818181818183
Kiley_B_WT_+O2_Ctrl_C	3777404.0	99822	142.88124190548498	150	96.63	48.0	0.3355123170424071	3909283.0	1.2767302853234213	90.3990546225259	18.181818181818183
Kiley_B_WT_+O2_Paraquat_A	3800330.0	6607689	143.54584757867005	150	96.12	48.0	0.3260134851009392	3953633.0	83.56477447451496	84.71160605704327	18.181818181818183
Kiley_B_WT_+O2_Paraquat_B	3142142.0	5475711	143.0596228984316	150	96.37	48.0	0.32714478276067027	3260660.0	83.96629823409984	84.74847031672664	18.181818181818183
Kiley_B_WT_+O2_Paraquat_C	4673968.0	8085577	142.86338221566103	150	97.2	47.0	0.3228418377254505	4808759.0	84.07134772193824	90.28017917007105	18.181818181818183
Kiley_B_WT_-O2_Ctrl_A	4051499.0	7109981	143.81142986188357	150	97.33	48.0	0.3200681669773103	4162430.0	85.40661344455042	91.78783043777474	18.181818181818183
Kiley_B_WT_-O2_Ctrl_B	3000952.0	5296759	143.72840702340204	150	96.28	48.0	0.4430125369998881	3116951.0	84.9669917813915	88.47264379047263	18.181818181818183
Kiley_B_WT_-O2_Ctrl_C	3975548.0	6983837	143.82820378213896	150	96.76	48.0	0.3218015483371573	4108839.0	84.98552754196503	92.17067099916815	18.181818181818183
Kiley_B_WT_-O2_NoFe_A	4015703.0	7155405	143.006118801289	150	97.02	48.0	0.33625539411454064	4139046.0	86.43785307049015	89.42713340069754	18.181818181818183
Kiley_B_WT_-O2_NoFe_B	4774515.0	8372235	143.5700080538428	150	96.25	48.0	0.33541345602286	4960365.0	84.39131999358919	90.64078696804134	18.181818181818183
Kiley_B_WT_-O2_NoFe_C	4197611.0	7390608	144.30381080087426	150	95.68	48.0	0.3232618446743447	4387293.0	84.22742679825578	88.22710031105055	18.181818181818183
Kiley_B_WT_-O2_NoFe_DIP_A	3076620.0	5483744	144.08622894663316	150	95.62	48.0	0.42137857458710876	3217597.0	85.21489795024051	88.08249813377782	18.181818181818183
Kiley_B_WT_-O2_NoFe_DIP_B	4157206.0	7269165	143.24726155043592	150	96.53	48.0	0.3223967446298842	4306634.0	84.39497064296619	90.88273348988983	18.181818181818183
Kiley_B_WT_-O2_NoFe_DIP_C	5640474.0	9877302	143.4563916043463	150	96.19	48.0	0.3191734053258725	5863653.0	84.22481685051963	92.66615694874139	18.181818181818183
Kiley_B_WT_-O2_Peroxide_A	4081038.0	7315540	142.78237929405802	147	97.2	48.0	0.36081660519260694	4198447.0	87.12197629266251	92.94421196260167	18.181818181818183
Kiley_B_WT_-O2_Peroxide_C	3681072.0	6523426	142.6287160475851	147	96.4	48.0	0.31019027803309795	3818506.0	85.418564223809	92.11200112479679	18.181818181818183
SRX10341586	8580346.0	14912307	148.70563062356788	150	94.41	48.0	0.4915274219400236	9088425.0	82.04010595895328	79.64425415441386	18.181818181818183
SRX10341587	8344794.0	13798932	148.69729551284536	150	93.7	48.0	0.5194308032744497	8905755.0	77.47199423294263	78.5593040512237	18.181818181818183
SRX10341588	7090228.0	12173019	148.63190177873102	150	95.17	48.0	0.5496925307681743	7450199.0	81.69593188047729	79.64783220289652	18.181818181818183
SRX10341589	7911752.0	10895216	148.73499892534733	150	96.24	49.0	0.49400628011773745	8221261.0	66.26243832910791	81.66456624792107	27.27272727272727
SRX10341590	11356994.0	18779164	148.8118224963661	150	90.78	49.0	0.4467036597679057	12509896.0	75.05723468844185	77.4419062841787	18.181818181818183
SRX10341591	11397038.0	19207061	148.82539056257508	150	90.48	48.0	0.4136008679693721	12596381.0	76.24039396712436	76.21692699957813	18.181818181818183
SRX10341592	7732027.0	13376484	148.6212057903859	150	95.84	49.0	0.5489655951940825	8067787.0	82.90057732064568	80.87293114282568	18.181818181818183
SRX10341593	7927398.0	13545049	148.5850104523687	150	95.41	49.0	0.5720771913914375	8308643.0	81.51180042276458	80.53856649616563	18.181818181818183
SRX10341594	9131249.0	15603110	148.5533009903549	150	95.08	49.0	0.6004960128438591	9603527.0	81.23635201941953	81.6051115270551	18.181818181818183
SRX10341595	8893822.0	15322693	148.6245799453063	150	94.65	49.0	0.5442940144477636	9396693.0	81.53236995185433	81.81096748182699	18.181818181818183
SRX10341596	8677146.0	14766885	148.66208841862934	150	95.23	49.0	0.5208953269318701	9111564.0	81.03375556600382	80.73102335174578	18.181818181818183
SRX10341597	6938926.0	11942093	148.57385700231467	150	94.89	49.0	0.5776942628342351	7312482.0	81.65553775038352	79.4818377644947	18.181818181818183
SRX11348531	7647250.0	12287495	148.737141535322	150	70.25	48.0	0.498572487689021	10885417.0	56.440166692741315	81.78652726499702	20.0
SRX11348532	9178302.0	14620863	148.5745303269932	150	71.63	48.0	0.6027013171635038	12812744.0	57.055939773712794	83.0227438497009	20.0
SRX1432806	9924969.0	4372111	49.419323736727826	50	68.23	51.0	1.8522260287415149	14545282.0	30.058619695376137	91.5968674219171	18.181818181818183
SRX14563846	22275396.0	38782569	146.87425553778294	151	96.55	50.0	3.314532554369477	23071688.0	84.04796606126088	93.49218256731587	20.0
SRX14563847	20352420.0	34766426	147.27103011820932	151	94.92	50.0	8.187950429625042	21441879.0	81.0713137593958	92.9978568956112	20.0
SRX14563848	21803475.0	36224546	144.2752598041131	151	90.53	49.0	6.181724371499862	24084203.0	75.20395422676017	86.84771345563378	10.0
SRX14563849	22589437.0	39717723	146.52216677830762	151	96.79	49.0	5.149196394273377	23339702.0	85.08618276274478	87.52576456870932	10.0
SRX14570260	11354125.0	19922783	148.5010462980601	150	93.67	50.0	0.5878912685224481	12121307.0	82.18083660450148	84.48513821082048	18.181818181818183
SRX14570261	8753140.0	15376800	148.6177511192757	150	93.6	50.0	0.5482727906539884	9352030.0	82.21102798002144	82.94656614345496	18.181818181818183
SRX14570262	10042965.0	17642669	148.63784771594862	150	93.88	50.0	0.5342256606957076	10697417.0	82.46228505442015	83.90689908617227	18.181818181818183
SRX14570263	11191508.0	19308143	148.66044182986016	150	92.95	50.0	0.5013445879721667	12040155.0	80.18228585927673	84.77951350759346	27.27272727272727
SRX14570264	11900707.0	20583527	148.7075740109459	150	93.62	50.0	0.47002234343697824	12711059.0	80.96700282800985	85.22185600339549	27.27272727272727
SRX14570265	12967166.0	21509315	148.8052185868335	150	94.06	49.0	0.42997475939980445	13786146.0	78.01061660017238	84.70548524339713	27.27272727272727
SRX14570266	13308482.0	21881553	148.76112787966343	150	93.81	48.0	0.457197573490101	14185946.0	77.12405291828969	83.85261882258855	27.27272727272727
SRX14570267	12869914.0	22507496	148.71559642021882	150	94.16	50.0	0.46159671257799234	13668098.0	82.3358743842779	86.03982594964702	27.27272727272727
SRX14570268	10411117.0	18196313	148.7740590385057	150	93.66	49.0	0.4730898318489473	11115864.0	81.84839702968658	85.58441172291546	18.181818181818183
SRX14570269	7789640.0	13527944	148.6914404151435	150	93.34	49.0	0.5684192215157223	8345837.0	81.04605925085764	82.49378337679504	18.181818181818183
SRX14570270	10147049.0	17814246	148.64992139363562	150	93.76	49.0	0.46778363083599117	10822915.0	82.29874299114425	83.5615855927257	18.181818181818183
SRX14570271	8838196.0	15126428	148.61724337039368	150	93.48	49.0	0.542946464545086	9454219.0	79.99829494112628	82.64486792561087	18.181818181818183
SRX14570272	9261203.0	15915282	148.58274900718177	150	92.11	50.0	0.5720035572994651	10054459.0	79.14539210911298	83.65681069860143	18.181818181818183
SRX14570273	9276837.0	15993819	148.68090451838	150	91.94	50.0	0.47924352031354106	10090497.0	79.25188917850132	83.89917627937358	18.181818181818183
SRX14570274	10532338.0	18091443	148.64966156263074	150	93.0	49.0	0.495672234184731	11325286.0	79.87190345568315	84.39430465002853	18.181818181818183
SRX14570275	10793916.0	18601784	148.59942810533283	150	93.55	49.0	0.5583325050061437	11537789.0	80.61242929646227	84.21090799727918	18.181818181818183
SRX14570276	9866933.0	17124942	148.60855006036002	150	92.98	49.0	0.5516772705033944	10612159.0	80.68547597147763	83.55642690166785	18.181818181818183
SRX14570277	13016828.0	22431744	148.57355733890944	150	93.11	49.0	0.5273803154584963	13979652.0	80.22997997375042	85.65412699733164	27.27272727272727
SRX14953908	15258946.0	24092674	99.0395559910202	100	37.61	52.0	0.727595144412357	40576837.0	29.687718143235266	94.76584854323464	20.0
SRX14953909	28403644.0	48851756	99.03273633895769	100	87.18	49.0	1.1935803013292756	32582049.0	74.96728643431848	92.49047143815348	20.0
SRX14953910	21126068.0	35145872	98.92426940866035	100	64.01	50.0	0.6727434388311826	33003334.0	53.245941758490225	91.33835785845247	20.0
SRX14953911	25724670.0	44709576	99.01200453589807	100	83.57	49.0	0.8905171401206394	30781115.0	72.62501049750797	91.14522203248265	20.0
SRX14953912	6718066.0	10369224	99.10481943806515	100	21.37	53.0	0.8063678214088725	31438520.0	16.49127248992637	93.35275396656606	30.0
SRX14953913	28269455.0	46661107	98.92364226480868	100	80.23	48.0	0.7827706938178478	35236142.0	66.21199761313255	91.20508770680529	20.0
SRX14953914	5307443.0	7488938	99.02653265906616	100	18.55	53.0	0.6692732744284385	28610815.0	13.087599916325349	93.1072735718425	20.0
SRX14953915	5890784.0	8623423	99.11707082818062	100	20.54	53.0	0.7974440001416586	28674180.0	15.036912999778895	93.00498029750588	30.0
SRX14953916	15095763.0	23216920	99.00758279088203	100	45.63	51.0	0.9824972904360655	33080696.0	35.09134148809928	91.178007910211	30.0
SRX14953917	27324686.0	46870374	98.94641448495696	100	82.06	49.0	0.7291723655825035	33298159.0	70.37982790580104	91.3731068544761	20.0
SRX14953918	32151292.0	56638519	98.96986697448556	100	90.26	49.0	3.703361271890909	35621813.0	79.49977026716748	92.81234627188581	20.0
SRX14953919	11608224.0	18517968	99.07182058424398	100	31.89	52.0	0.9614355279022108	36402600.0	25.434952448451487	94.16372033208228	20.0
SRX14953920	6983140.0	10462688	99.04046885911517	100	20.67	53.0	0.7283248415663299	33783112.0	15.485086157841232	94.86562865423214	20.0
SRX14953921	15316389.0	25040447	99.09125655431504	100	43.51	51.0	1.070888321941482	35199521.0	35.569300786791956	93.54316485231095	30.0
SRX14953922	6528245.0	9395645	99.0167532233285	100	17.47	53.0	1.0526263759890357	37378598.0	12.568214837806382	95.32232910045907	20.0
SRX14953923	12218859.0	18946908	99.06154242836664	100	33.17	51.0	0.692598886101308	36840129.0	25.715040248637568	93.34690455961389	30.0
SRX14953924	24758442.0	42116617	99.07113395481754	100	89.94	48.0	0.7301211396265073	27527543.0	76.49904860742566	91.16039009650163	20.0
SRX14953925	4122515.0	6074290	99.02180904797008	100	13.4	53.0	1.3310241260548807	30766680.0	9.871539600632891	94.85329574494	30.0
SRX14953926	14901201.0	23804789	99.01549691180169	100	54.98	50.0	1.3026637334197289	27101077.0	43.91852951083826	91.17878445070843	30.0
SRX14953927	8912822.0	12534292	98.65467022248154	100	26.68	52.0	3.029131824088984	33401064.0	18.763312450166257	94.163610029841	20.0
SRX14953928	5671068.0	7163477	98.98075840619667	100	15.41	53.0	0.7054101618982254	36800174.0	9.732939034473045	92.67437689298545	40.0
SRX14953929	8268004.0	9435376	98.95338896789778	100	26.99	52.0	3.0090481625150205	30632276.0	15.401036475383023	91.37235539049625	30.0
SRX14953930	22850866.0	32657853	99.02387440162914	100	72.15	49.0	0.7761989721472036	31671621.0	51.556964829807725	90.18153412841005	30.0
SRX14953931	2805214.0	3494130	98.94593964778961	100	12.47	53.0	1.0932969616140071	22503368.0	7.763571212984652	93.84109101623957	20.0
SRX14953932	1360545.0	1598456	99.06223124834824	100	5.67	54.0	0.9294795807068024	23989620.0	3.331557565313665	95.33015956317003	20.0
SRX18804540	10096437.0	17805653	148.63901770466532	150	95.37	49.0	0.5351327754915306	10587040.0	84.09174330124378	84.48734486030241	18.181818181818183
SRX18804541	10542668.0	18586887	148.7072164546402	150	94.74	49.0	0.49208030820822896	11128484.0	83.51041795090867	83.95082979094985	18.181818181818183
SRX18804542	8733297.0	15524893	148.67539309195317	150	95.47	49.0	0.5144138278310907	9148114.0	84.8529707872027	84.95421200180871	18.181818181818183
SRX18804543	8850169.0	14833477	148.73113898536084	150	95.52	48.0	0.479908808900622	9265501.0	80.04681560122869	81.929182719121	18.181818181818183
SRX18804544	12289229.0	20301724	148.80481870643723	150	94.62	48.0	0.4468703803054388	12988299.0	78.15389836652206	83.55776727305856	18.181818181818183
SRX18804545	11002860.0	17781546	148.83203994743795	150	94.61	48.0	0.40917106279718907	11629682.0	76.4489777106545	81.77285429362378	18.181818181818183
SRX18804546	8521394.0	13979053	148.71768258843557	150	95.89	49.0	0.4965144215442937	8887036.0	78.64856741887847	82.41461376068203	18.181818181818183
SRX18804547	9946392.0	17779729	148.79897925404578	150	95.33	49.0	0.44131307194471964	10433938.0	85.20143113750532	86.25088617351219	18.181818181818183
SRX18804548	9729150.0	16903172	148.80379458787826	150	91.43	48.0	0.4511319774435139	10641261.0	79.42278645359794	78.5998250532783	18.181818181818183
SRX18804549	8825750.0	15901977	148.66863877494606	150	92.66	49.0	0.5137308276351847	9525001.0	83.47493611811694	81.74578248345719	18.181818181818183
SRX18804550	8113595.0	13332122	148.59549100390848	150	92.84	49.0	0.5817075294794877	8739462.0	76.27541603819549	76.154446240415	18.181818181818183
SRX18804551	7609014.0	13173916	148.73426187615252	150	93.14	50.0	0.4757995104039168	8169144.0	80.63216904978049	80.44348636788732	18.181818181818183
SRX18804552	6984533.0	11295101	147.95507979598202	150	85.18	50.0	1.0049248224473406	8199473.0	68.87699367995967	77.70913414041794	18.181818181818183
SRX18804553	7910027.0	13481517	148.31990192512043	150	93.0	50.0	0.7612878545902212	8505338.0	79.25327012283346	78.83043256684923	18.181818181818183
SRX18804554	7314831.0	12790568	148.0840002976892	150	92.9	50.0	0.9067648468512468	7873984.0	81.22043428079103	78.76819283885288	18.181818181818183
SRX19817112	4361643.0	7608978	146.78995634508001	150	39.96	48.0	3.7761603293034933	10915150.0	34.85512338355405	56.18704967056072	18.181818181818183
SRX19817113	4036333.0	6954626	146.50690261978104	150	41.2	49.0	4.5472591083184115	9796353.0	35.49599529539207	56.37427124427235	18.181818181818183
SRX19817114	5080553.0	8709814	146.48436588344308	150	48.78	48.0	4.584031593011337	10415459.0	41.81195471078135	56.1822944446301	18.181818181818183
SRX19817115	4193731.0	7375769	147.04317881899536	150	39.31	48.0	3.7161398279555704	10669560.0	34.56454155560304	49.604062212584644	9.090909090909092
SRX19817116	4252099.0	7462134	147.09963348150038	150	40.74	48.0	3.612267400853005	10438218.0	35.74429083584957	55.15492686017755	18.181818181818183
SRX19817117	5583483.0	9802232	147.04250487876092	150	49.98	48.0	3.715484824742115	11171894.0	43.87005462099802	55.33259340423846	18.181818181818183
SRX2036088	44094339.0	2374575	46.2406110732479	49	94.12	52.0	7.973604859562039	46848459.0	5.068629898797738	92.35501946942516	27.27272727272727
SRX2036089	41211821.0	2334699	46.20303146175339	49	93.99	52.0	7.871420424797732	43849209.0	5.324381107992164	91.7426022467069	27.27272727272727
SRX2036090	40706490.0	2200673	46.08381375458918	49	94.9	52.0	8.264513125945006	42895167.0	5.130351864581853	92.49372474966363	36.36363636363637
SRX2036091	38519613.0	1803687	46.00267596314874	49	94.1	52.0	8.34670982304809	40935915.0	4.406123571440873	92.51434854746104	36.36363636363637
SRX2036300	12833884.0	17053617	95.10791987888894	100	95.5	44.0	3.0606011207383763	13438905.0	63.4486849933086	85.28171749589423	27.27272727272727
SRX2036303	11788251.0	15363389	95.24838069662192	100	95.76	43.0	3.080384093770132	12310695.0	62.39854451759223	84.75018051739443	27.27272727272727
SRX2036305	14342560.0	18751224	95.09941347843308	100	95.31	43.0	7.7139698383773005	15048040.0	62.30453932870992	86.42182392355231	18.181818181818183
SRX2036307	14950697.0	20436637	95.26327032442053	100	95.04	43.0	3.1883887234493624	15731002.0	64.95656475029372	86.21450128004244	18.181818181818183
SRX2037533	34521952.0	26084629	49.21141439476486	50	93.62	45.0	1.626687167695106	36872669.0	70.74244883113832	88.01007883606802	18.181818181818183
SRX2037535	36104716.0	27694662	49.20217343473011	50	93.71	45.0	1.6406006611496757	38527589.0	71.88267607402062	87.8989179272267	18.181818181818183
SRX2037536	37889276.0	26757377	49.15866759954037	50	77.92	43.0	1.7742198016241062	48628233.0	55.024366194839935	89.11691372593785	27.27272727272727
SRX2037537	46915855.0	32292748	49.159740737902474	50	80.23	44.0	1.7713446172010494	58473337.0	55.226449620961425	90.41618315461866	27.27272727272727
SRX2037538	46598020.0	33153430	49.25594619133796	50	94.94	45.0	1.515070614107562	49080871.0	67.5485771228469	91.69686261609887	27.27272727272727
SRX2037540	38603746.0	26823881	49.26099902567842	50	95.12	45.0	1.5052341090790198	40585163.0	66.09282559737409	89.41982539166312	27.27272727272727
SRX2037541	35573747.0	23671118	49.20035888856057	50	84.55	45.0	1.6677735204206432	42076571.0	56.25724111406322	87.09600694240615	36.36363636363637
SRX2037542	40397823.0	27023480	49.175663255320266	50	83.82	45.0	1.7136848686154393	48195731.0	56.07027726169357	88.67627859967232	36.36363636363637
SRX2037691	13354360.0	17483394	94.15492329167533	100	79.65	41.0	9.12526823241462	16767085.0	52.13605704271196	82.38195440131739	36.36363636363637
SRX2037693	14204198.0	14314367	94.13625015681438	100	84.01	45.0	3.8906828835931364	16906931.0	42.332836751980594	85.98777641400433	27.27272727272727
SRX2037695	12202576.0	14964078	94.618956610261	100	83.6	44.0	8.513222461443693	14597230.0	51.25656717062073	84.67788995746734	27.27272727272727
SRX2037697	12859573.0	15806384	94.59497283430782	100	83.66	44.0	3.59040201789013	15370490.0	51.41795739758459	84.88687753046831	27.27272727272727
SRX2037699	12204632.0	16549935	96.75552606195316	100	76.56	40.0	8.72692454005249	15941687.0	51.90772783332152	81.00105636514996	27.27272727272727
SRX2037713	11736032.0	14817772	94.41412301037147	100	70.65	37.0	4.623493028213961	16612209.0	44.59904158441542	82.24763769427103	45.45454545454545
SRX2037715	12317819.0	14853116	94.00242800648768	100	71.43	38.0	9.7494092328635	17243776.0	43.06804959656168	82.78463955911745	45.45454545454545
SRX2037717	10692991.0	11315215	94.51342080778872	100	82.11	44.0	3.6452590385221146	13022316.0	43.44547851549601	84.06539840795196	36.36363636363637
SRX2116174	2476177.0	2114057	146.9141974537609	151	68.13	39.0	2.8363336478374976	3634694.0	29.081636583437287	64.35844535302414	40.0
SRX2116175	2417184.0	1959750	146.62738869264746	151	61.98	37.0	4.260694825597855	3899675.0	25.12709392449371	57.987768708910195	40.0
SRX2116176	3204954.0	3792618	147.31701696244957	151	92.44	49.0	3.7150569805397256	3467070.0	54.69485761752719	79.23144931668027	20.0
SRX21659709	9555719.0	14010097	146.8397426356586	150	93.38	49.0	1.998549628920013	10232653.0	68.45779388786075	88.61352824581806	30.0
SRX21659710	10436688.0	16654994	147.27436412508388	150	93.19	49.0	1.4183505919818966	11198822.0	74.36047291402613	87.84593092716725	20.0
SRX21659711	23514039.0	34710067	146.6561907120903	150	93.73	50.0	2.0478347214864967	25087324.0	69.17849627963508	91.89479269850288	20.0
SRX22720559	17046326.0	30017058	99.22244718974648	100	93.97	48.0	0.4967059349064956	18140890.0	82.73314594818667	78.91274216139513	20.0
SRX22720560	17141967.0	30199486	99.26980420425355	100	94.64	49.0	0.49036426640185987	18112038.0	83.3685474820669	76.87728247816362	20.0
SRX22720561	17154762.0	30521793	99.27459157718684	100	94.79	49.0	0.4598536084754942	18098585.0	84.3209372445415	82.57792501896137	20.0
SRX22720562	17102124.0	30021853	99.2688526777167	100	94.83	49.0	0.4637148927603112	18035011.0	83.23214496514585	78.13171940869366	20.0
SRX22720563	16983027.0	29977116	99.14400152148811	100	94.14	49.0	0.4558449771201231	18040233.0	83.08405994534549	82.44334871343321	20.0
SRX22720564	17258457.0	30522345	99.26437732051599	100	95.11	49.0	0.4745095363665337	18145210.0	84.10579155600844	81.44586972251389	20.0
SRX22720565	17018796.0	30114293	99.27492319066387	100	94.28	49.0	0.45921344314969287	18051842.0	83.41058214447035	78.80266382313098	20.0
SRX22720566	16892367.0	29862667	99.15635266639406	100	93.26	48.0	0.5700767047867785	18113583.0	82.43169504343784	77.44090434538398	20.0
SRX22720567	17120601.0	30660098	99.26194860172379	100	94.99	49.0	0.48545676243832486	18023406.0	85.05633729828868	77.58916916959458	20.0
SRX22720568	17036561.0	30330832	99.22603979142353	100	94.46	49.0	0.4902105705468686	18036550.0	84.08157879417072	78.3296739557918	20.0
SRX22720569	17153585.0	30137382	99.24027742482339	100	94.83	49.0	0.46269211663545734	18089369.0	83.3013633587772	78.34826064071513	20.0
SRX22720570	17082485.0	30268266	99.27252825179944	100	94.29	49.0	0.47969461029459165	18117784.0	83.53192090158488	77.81138125256092	20.0
SRX22720571	17175021.0	30281755	99.27418137885678	100	94.71	49.0	0.46129339951740034	18133602.0	83.49624911807373	79.05590406032017	20.0
SRX22720572	17344613.0	30306175	99.25589609931808	100	96.01	48.0	0.4706915603398046	18064867.0	83.88153369742494	81.30643739687804	20.0
SRX22720573	17084007.0	30111518	99.27228169693521	100	94.77	49.0	0.4866363909895892	18026522.0	83.52004341159099	79.30215021930871	20.0
SRX22720574	17031975.0	30047038	99.2664541070283	100	94.2	48.0	0.4868693910878593	18081200.0	83.08916996659514	77.99578630349532	20.0
SRX22720575	17005940.0	30021164	99.26579887708857	100	94.41	48.0	0.46712708472013054	18013353.0	83.33030502427839	77.84066582674266	20.0
SRX22720576	17138572.0	30328233	99.26964976395854	100	94.98	49.0	0.4646584417092944	18044288.0	84.0383200489817	77.46829919426852	20.0
SRX22720577	17101242.0	30114100	99.26997245118127	100	94.57	49.0	0.4898740805992549	18083534.0	83.26386866637904	78.91157394703362	20.0
SRX22720578	17114242.0	30393177	99.22988213647824	100	94.9	49.0	0.4836607174641331	18034333.0	84.26476598829576	79.20562262824015	20.0
SRX22720579	17087824.0	30272441	99.22937444288354	100	94.44	49.0	0.4640975614554747	18094287.0	83.65193113163288	77.80222206734231	20.0
SRX3316529	32969799.0	53525811	98.97489968382449	100	96.44	47.0	1.3816342698763182	34187657.0	78.2823622572322	90.88242786613607	20.0
SRX3316530	26322732.0	46720045	98.60987014903598	100	96.54	48.0	0.9055928818681925	27267106.0	85.67107378392119	90.66441182609762	20.0
SRX3316531	26438096.0	46134514	98.7057940518487	100	96.54	48.0	1.4776954096685373	27384912.0	84.23345307810374	90.64853910298308	20.0
SRX3316532	29457384.0	51766795	98.78018335550804	100	94.18	48.0	1.3851787824970234	31276617.0	82.75638474583104	90.64451316057135	20.0
SRX3316533	29704742.0	51633800	98.66884519646209	100	95.8	48.0	0.8482948625383407	31008374.0	83.25783222299886	91.17130661895978	20.0
SRX3316534	25180491.0	43952652	98.7304645973303	100	94.24	48.0	0.8223657151476013	26720386.0	82.24554091396735	90.48758958491848	20.0
SRX3316535	26616923.0	46749217	98.41545324740841	100	94.73	48.0	5.578398911534129	28096774.0	83.19321107825404	90.07941541424886	20.0
SRX3316536	25536855.0	38165422	98.75076875188111	100	94.27	47.0	1.460234084451442	27088389.0	70.4460903895023	88.22237272301109	20.0
SRX3316537	26508160.0	44221016	98.71907245146673	100	95.99	46.0	0.7695298419473152	27615590.0	80.0653109348741	89.49242365760131	20.0
SRX3316538	25431776.0	44853079	98.94331753656269	100	94.81	49.0	0.8881680444342229	26824681.0	83.60412375453784	91.35683390430664	20.0
SRX3316539	23755201.0	41847059	98.97409565215453	100	96.29	48.0	1.4643759850429132	24670955.0	84.81037519625812	91.05547422162127	20.0
SRX3316540	27761713.0	48671252	98.70789371431988	100	94.19	48.0	1.370922338163433	29475617.0	82.56188835673906	90.26105719234471	20.0
SRX3316541	29134382.0	49895655	98.81673740585015	100	96.5	47.0	0.7403697343231194	30191895.0	82.6308765978419	91.46413881914418	20.0
SRX3316542	25874083.0	45265845	98.76679414607217	100	95.89	48.0	0.8170470252623685	26983182.0	83.87788549178522	90.97673072652837	20.0
SRX3316543	28966321.0	51102772	98.7159301237154	100	96.14	48.0	1.7804571228133745	30129879.0	84.80414408567654	91.34404717003274	20.0
SRX3316544	22791239.0	39861538	98.56514003836958	100	95.55	48.0	3.2959284826292983	23851713.0	83.56116392981922	89.91626312168914	20.0
SRX3316545	22124261.0	39078095	98.72500003780955	100	95.6	48.0	0.8196230425770621	23142305.0	84.42999735765301	90.67931648420377	20.0
SRX3316546	26467538.0	46891992	98.75984062387302	100	96.04	48.0	0.8141243143061767	27559711.0	85.0734465248928	91.44762520611125	20.0
SRX3316547	20888067.0	37038276	98.82216049524789	100	96.34	48.0	1.275355516468202	21680779.0	85.41730903672787	90.66901228346852	20.0
SRX3316548	22761904.0	40458161	98.97716564528966	100	96.54	48.0	1.5764153199668438	23576668.0	85.80126971292127	91.61124765208267	20.0
SRX3316549	22164830.0	39273358	98.95760144188445	100	96.87	48.0	0.8066523896045319	22880613.0	85.822346630311	91.31596986169468	20.0
SRX3316550	26554442.0	47213640	98.794966321764	100	96.31	48.0	1.3072046659561025	27570773.0	85.62262654006835	91.3750516828493	20.0
SRX3316551	28287987.0	49122606	98.76782080593333	100	96.63	48.0	0.8562885087470655	29274630.0	83.89961888502093	91.02369295423605	20.0
SRX3316552	25746363.0	44760965	98.81938803240479	100	96.44	47.0	0.7486427308297089	26696675.0	83.83247164675002	91.66629369492689	20.0
SRX3316553	23791203.0	41778393	98.69197454513481	100	95.56	47.0	1.6709829722248362	24895673.0	83.90693635797675	90.58270248368446	20.0
SRX3316554	24633828.0	42202441	98.81313470148493	100	96.08	47.0	1.4211196195256126	25638923.0	82.30150892063602	91.27538536012275	20.0
SRX3316555	21563795.0	36957393	98.77505409753611	100	95.69	48.0	0.8079422343818924	22534298.0	82.0025389741451	89.38366644241638	20.0
SRX3316556	23086179.0	39385078	98.79875985063282	100	96.59	47.0	0.94204614094967	23901637.0	82.38991747720041	90.51021765946896	20.0
SRX3316557	25314664.0	44478944	98.73428208070118	100	96.08	48.0	1.4436996499883183	26348637.0	84.40463922289415	90.67154290752836	20.0
SRX3316558	21430416.0	37901664	98.88488403889963	100	95.68	48.0	3.2362569731734534	22398675.0	84.6069332226125	90.58571769316949	20.0
SRX3316559	24561918.0	42557799	99.19072555000005	100	95.14	48.0	0.5712935940421654	25816043.0	82.42510093432986	91.47661941638022	20.0
SRX3316560	25087735.0	43426291	98.97425162415307	100	96.09	48.0	1.4490946234852182	26109608.0	83.16151471902604	91.78759057272208	20.0
SRX3316561	25431150.0	43793040	98.99695971880676	100	94.72	48.0	0.7500644634914286	26850148.0	81.55083539949203	90.03569731279568	20.0
SRX3316625	23885907.0	42186036	98.99206429591861	100	95.59	48.0	1.436766241372656	24988709.0	84.41019502047905	92.02010445377759	20.0
SRX3316626	22963577.0	40238688	98.96943414402962	100	94.16	48.0	1.2656231152477093	24387637.0	82.4981280474201	89.91138359569408	20.0
SRX3316627	24311813.0	42711250	99.00271708203731	100	95.94	48.0	0.7662066887782545	25340420.0	84.27494492987883	91.78046249407934	20.0
SRX3316628	24210257.0	42202921	98.79920317809426	100	95.61	48.0	0.7522829774676824	25322597.0	83.33055452408772	90.75687262515231	20.0
SRX3316629	22574666.0	39807446	98.84537042981367	100	96.23	48.0	1.2160234439115198	23458398.0	84.84689789984806	90.65464502284922	20.0
SRX3316630	28890536.0	50504675	99.00173164899715	100	95.59	48.0	0.7475578427177361	30224370.0	83.54959094267308	91.79367818958245	20.0
SRX3316631	27129634.0	47694590	98.98791224867621	100	96.47	48.0	1.3777994011573245	28121194.0	84.8018579865421	91.8064334530089	20.0
SRX3316632	22757942.0	40262185	98.99023464075056	100	96.17	48.0	1.2522827563586554	23665284.0	85.06592399229184	91.54110391527796	20.0
SRX3316633	22356348.0	39294304	98.95762632292667	100	94.39	48.0	0.8008945100933534	23686120.0	82.94795432937096	89.98844451260481	20.0
SRX3316634	23631124.0	40879295	98.97740039727775	100	95.74	48.0	0.755836639484396	24683487.0	82.80696929084614	90.74187499566443	20.0
SRX3316735	23353437.0	39483881	98.72817534289857	100	81.48	48.0	1.0762299791919994	28662558.0	68.87710615360987	87.95118441201056	20.0
SRX3316736	26671441.0	46983467	98.78100289635941	100	85.23	48.0	0.8130093591492604	31293423.0	75.06923579437124	90.49638767333788	20.0
SRX3316737	27255483.0	47749986	98.85288370076847	100	83.5	48.0	1.2495333455988582	32642950.0	73.13981426311041	90.76835462223895	20.0
SRX3316738	25223300.0	43794758	99.00456735531101	100	85.08	49.0	1.1870799260731075	29647573.0	73.85892599033316	90.79879300753989	20.0
SRX3316739	21296816.0	37643522	98.98049513326458	100	83.61	49.0	0.8194689570709344	25471284.0	73.89404083437647	90.08594498294885	20.0
SRX3316740	13750817.0	24384669	97.98743255787006	100	69.52	48.0	2.3127843266279937	19780477.0	61.63822288006503	83.82199908151529	20.0
SRX3316741	33002530.0	52993429	98.07953745844532	100	86.57	48.0	2.643237429422092	38120856.0	69.50713410003175	91.6078299585598	20.0
SRX3316742	25084872.0	44146951	98.85619498474995	100	85.48	48.0	1.1603770598177088	29344818.0	75.22103391474432	89.84175145582678	20.0
SRX3316743	24690126.0	43331716	98.73445193571452	100	84.41	48.0	0.8107107301655474	29251085.0	74.06856190120811	89.49498051400236	20.0
SRX3316744	5039297.0	8766431	97.53067608296782	100	64.03	48.0	73.00838320306953	7870040.0	55.69495834836926	76.65767890450383	20.0
SRX3316745	15406042.0	26485372	97.57721180281867	100	67.08	48.0	8.130466617830892	22966819.0	57.660079090622	86.25062204920448	20.0
SRX3316746	14602882.0	25507447	97.269984262219	100	66.14	49.0	26.928452935896953	22079987.0	57.76146290303522	82.95072075728919	20.0
SRX3316747	20942731.0	37431889	98.75889211523165	100	77.4	48.0	1.0233339621855746	27058157.0	69.16932479917239	84.84020146773281	20.0
SRX3316748	22448619.0	39339606	98.99774123384823	100	84.56	49.0	0.8072223555379966	26548565.0	74.08989148754368	90.93905225573211	20.0
SRX3316749	19341928.0	34654253	99.01773093390781	100	77.17	49.0	0.7277872482655654	25064444.0	69.13030466584458	86.9247996509061	20.0
SRX3316750	23206630.0	40825959	98.52450957771534	100	84.59	48.0	0.8102585273613612	27434622.0	74.40590761556692	87.26151031928156	20.0
SRX3316751	17865115.0	31052170	99.25976027349387	100	81.88	48.0	0.5204231521614335	21818113.0	71.16144737173192	90.14929121121688	20.0
SRX3316752	14768784.0	25759004	98.87189513966995	100	83.58	48.0	1.2574876568787525	17671125.0	72.88444850002476	89.68639356738237	20.0
SRX3316753	18852521.0	32971269	98.83509873225405	100	82.99	48.0	0.7936432347082812	22715829.0	72.57333421553754	90.50818542259576	20.0
SRX3316754	16861088.0	29338601	98.86283066448911	100	83.2	48.0	0.7699301253218748	20264952.0	72.38754130777117	89.82106806750063	20.0
SRX3316755	21523573.0	37724931	98.66702439412809	100	82.71	48.0	1.751799179789975	26021672.0	72.48752309229015	90.07312903579717	20.0
SRX3316756	15940253.0	27771698	98.8534419123	100	82.75	48.0	1.3437691018675706	19262417.0	72.08778109206129	89.38826008177631	20.0
SRX3316757	17181639.0	29851575	98.88800788603658	100	82.99	48.0	0.773924542355556	20702922.0	72.0950767239523	90.18753280995388	20.0
SRX3316758	21959151.0	38344395	98.86658227794057	100	83.71	49.0	0.9672767388019405	26232572.0	73.08546603817575	90.94755720106303	20.0
SRX3411505	5146580.0	658166	141.37563429299792	147	65.86	50.0	5.764510860971942	7814015.0	4.211445716446667	90.5524873924368	30.0
SRX3411506	2875332.0	581637	141.10535224329854	147	58.89	51.0	4.789190756312227	4882364.0	5.956510002121923	86.0930269127997	40.0
SRX3411507	3391428.0	557602	141.06819624493585	147	57.27	50.0	22.666136651894295	5921763.0	4.708074267747628	88.37575915947612	40.0
SRX3411508	3295151.0	384929	141.02967094871664	147	67.67	50.0	21.09703644695751	4869241.0	3.9526591516008347	79.83546338420896	40.0
SRX3411509	3456861.0	453370	139.01367009923956	147	64.09	51.0	5.268357660552186	5393816.0	4.202683220933009	78.20677849986953	40.0
SRX3411510	1903786.0	336984	139.85746380122112	147	34.46	51.0	35.449044432856006	5524772.0	3.0497548134113046	87.77282478615022	30.0
SRX3411511	3138331.0	393403	138.70955442635838	147	47.55	51.0	8.434693851462633	6600166.0	2.9802507997526124	89.50409814047264	40.0
SRX3411512	2141005.0	249162	139.3031477724325	147	51.33	51.0	6.030946594096546	4171299.0	2.9866235913560737	86.75589676363745	40.0
SRX3411513	2646805.0	466297	138.8086013553929	147	50.21	51.0	34.68110845267993	5271239.0	4.4230303349933475	87.07005530834358	40.0
SRX3411514	1002826.0	1293047	143.51261059116868	147	22.39	47.0	23.709553733523904	4479449.0	14.433103267834952	77.87109741102965	30.0
SRX3411515	617463.0	710780	142.43402079418206	147	14.98	49.0	5.11862320625267	4120768.0	8.62436322549583	81.14676520650687	40.0
SRX3411516	1215753.0	1101257	140.59865338408545	147	21.31	44.0	7.058409373432211	5705116.0	9.651486490371099	84.41016282666247	30.0
SRX3411517	1167231.0	761702	140.54049075467168	147	21.35	47.0	12.471447535542529	5466112.0	6.967493531050955	83.67531574055232	30.0
SRX3411518	659462.0	910063	143.2158303854108	147	21.87	49.0	62.70625354497311	3014835.0	15.093081379246293	61.66296171851286	50.0
SRX3411519	457180.0	543413	139.75303201904515	147	14.08	47.0	6.834065165267789	3246599.0	8.368957792446803	55.278996732544144	40.0
SRX3411520	1067077.0	298926	139.9695974795214	147	30.89	47.0	9.217538307941311	3454582.0	4.326514756343893	66.20560710820742	40.0
SRX3411521	1415085.0	1636311	141.39147664897996	147	26.97	45.0	5.189632323307347	5246880.0	15.593181090476627	67.99217308629113	30.0
SRX3411522	648432.0	759650	140.76126633864035	147	16.04	46.0	5.9942594240371365	4041952.0	9.397068545099001	57.463786220608846	20.0
SRX3411523	626085.0	667706	138.8678964214212	147	13.85	47.0	7.668591041408127	4521823.0	7.383150556755538	56.87247834044332	30.0
SRX3411524	2189350.0	512104	137.61954805234777	147	35.17	49.0	9.04819218799992	6225367.0	4.113042652746417	66.99315234944453	40.0
SRX3411525	598024.0	503876	139.93581512102836	147	13.77	47.0	6.850122179798731	4343858.0	5.799867306896312	60.791123837678754	40.0
SRX3541437	15219846.0	24027601	98.77760989718558	100	37.73	51.0	0.5133589326079572	40340842.0	29.780738091683855	92.9517877147013	20.0
SRX3541438	28332785.0	48724375	99.03991803100674	100	87.9	49.0	0.45342237766082943	32231700.0	75.58455650803401	92.62793487951022	20.0
SRX3541439	21060724.0	35033759	99.10842948628218	100	64.37	50.0	0.4348729878120361	32719052.0	53.53724643366806	93.21503365484955	20.0
SRX3541440	25661655.0	44594969	98.98621906970389	100	83.84	49.0	0.4379212995913364	30606642.0	72.85178328285737	91.31024564808449	20.0
SRX3541441	6701035.0	10341652	98.85562160983262	100	21.43	52.0	0.5246617953484112	31270580.0	16.535753414231525	93.51197733090729	30.0
SRX3541442	28184805.0	46517819	98.92093175758295	100	80.57	48.0	0.45581014507982764	34982275.0	66.487698412982	91.30757294655193	20.0
SRX3541443	5291425.0	7465739	98.78421487989876	100	18.65	52.0	0.41315579800603097	28369857.0	13.157872103479406	93.22961355540626	20.0
SRX3541444	5876401.0	8602056	99.14331563614098	100	20.6	53.0	0.4563302581683905	28524487.0	15.078371085166228	93.15827603752759	30.0
SRX3541445	15058540.0	23157909	98.8739678389976	100	45.85	51.0	0.4953850036033056	32839959.0	35.25873616346476	91.27997636261208	30.0
SRX3541446	12179719.0	18883191	98.81521516424264	100	33.31	51.0	0.5108031631028209	36566020.0	25.82068133201262	91.87713301503868	30.0
SRX3541447	4116297.0	6063806	98.66578536258012	100	13.47	53.0	0.4143981848377663	30553964.0	9.923108504022588	93.67590444490025	40.0
SRX3541448	14876918.0	23762490	99.06461436864913	100	55.37	49.0	0.4222224414227077	26869457.0	44.21840381813447	91.21537397658176	30.0
SRX3541449	5653609.0	7140693	99.1101016704528	100	15.52	53.0	0.534949212574459	36439102.0	9.798118790084343	94.75822217382263	30.0
SRX3541450	8249816.0	9413317	98.79232358674886	100	27.13	52.0	0.42037679304155257	30406857.0	15.478937859312458	91.5477860827885	30.0
SRX3541451	22813559.0	32601214	98.81256831627931	100	72.41	48.0	0.46242167405514095	31504204.0	51.741053352752544	88.71744977544765	30.0
SRX3541452	2800502.0	3487807	98.64275016287044	100	12.52	53.0	0.5422128146534815	22376682.0	7.793396268490565	92.83218468845827	40.0
SRX3541453	1358230.0	1595603	99.07834099679899	100	5.7	54.0	0.466161435251643	23818423.0	3.3495143654136963	94.39571014577066	30.0
SRX5252024	13589650.0	8071384	98.62664073226811	100	99.21	45.0	1.8090746250437135	13698152.0	58.92315985397154	79.60716569404607	10.0
SRX5252025	11960542.0	6557659	98.90864661898023	100	99.48	45.0	1.7050555603257875	12023266.0	54.54141162642496	77.68541906478308	20.0
SRX5252026	8912840.0	7073415	99.53459618633241	100	98.85	44.0	0.8416345571332087	9016832.0	78.44678707554937	72.75706713152776	20.0
SRX5252027	11113061.0	6726385	98.44419980402309	100	98.01	45.0	1.8918147703118864	11339091.0	59.320319415374655	78.57258824330121	20.0
SRX5252028	14973665.0	9460790	99.1062070350128	100	99.41	45.0	1.4142156072877583	15062119.0	62.811812866436654	81.10523379093999	20.0
SRX5252029	9883591.0	5583882	98.8328331858765	100	99.31	45.0	2.0452410016863447	9952065.0	56.10777260799643	75.40193125400631	20.0
SRX5252030	11338802.0	6073077	99.00083546792082	100	99.49	45.0	1.6108937187932377	11397206.0	53.28566492524571	76.26517316150226	20.0
SRX5252031	9649173.0	6972856	98.57186754721104	100	98.17	47.0	1.7613642577446897	9829374.0	70.93896315268907	79.59855473586208	20.0
SRX5252032	13623590.0	8369505	99.12539226177242	100	99.48	45.0	1.4283841067912246	13695255.0	61.11244368943842	80.06031992766637	20.0
SRX5252033	15595926.0	10117866	98.83617582179726	100	99.17	46.0	1.7405233995525504	15726537.0	64.33626169575668	81.78576497200983	20.0
SRX5252034	10268365.0	6508221	96.73047355367413	100	95.79	46.0	3.6412244780561256	10719334.0	60.714788810573495	77.57191602178592	30.0
SRX5252035	11980562.0	8348584	98.60517451445313	100	98.47	47.0	1.7100926299164216	12166127.0	68.62154241855276	80.80479032810639	20.0
SRX5252036	11008207.0	8784483	99.04017836969234	100	99.49	44.0	1.5703163184928883	11064660.0	79.39225425815162	76.02359175962773	20.0
SRX5252037	10362626.0	5818280	98.92910801726802	100	99.46	44.0	1.9051572691017729	10419260.0	55.8415856788294	76.1804874862259	20.0
SRX5252038	8642284.0	5561932	96.14876759994333	100	94.69	45.0	4.2460082591990345	9126947.0	60.93967676157208	76.23527267114463	40.0
SRX5252039	7526476.0	5992268	98.73070317858509	100	99.12	44.0	1.9844080234577912	7593064.0	78.91765432241846	70.12795229521569	20.0
SRX5252040	15068957.0	10233209	99.09425326046977	100	98.99	46.0	1.2898272197961775	15222423.0	67.2245739065325	82.22666754307016	20.0
SRX5252041	9612363.0	7661425	99.08840580040203	100	99.51	44.0	1.5632837501045267	9660158.0	79.30952061032542	74.1556958586034	20.0
SRX5252042	10434396.0	5689060	99.02752844914741	100	99.5	44.0	1.5735784318651949	10486606.0	54.250727070321894	76.30788009613292	20.0
SRX5252043	8957160.0	5027592	94.49781676766558	100	92.35	44.0	5.983030986680881	9699609.0	51.83293470901765	75.99388964748132	40.0
SRX5252044	9631998.0	7689952	98.64847069037523	100	99.08	44.0	2.0874199977695	9721380.0	79.10350176621014	74.6625703711467	20.0
SRX5252045	12681578.0	7032923	99.12906477412929	100	99.49	45.0	1.407006877718282	12747049.0	55.1729502255777	78.53925104642201	20.0
SRX5252046	8259324.0	6539055	99.09352429022417	100	99.55	44.0	1.5863467774536948	8297021.0	78.81208207138441	72.42472749824779	20.0
SRX5252047	6667086.0	3661007	94.97489491844242	100	93.09	44.0	5.558277594366535	7162056.0	51.11670447703843	72.03053779033061	40.0
SRX5252048	10044373.0	7968505	98.73071015407825	100	99.17	44.0	2.134578513769767	10128295.0	78.6756803588363	74.71110009540637	20.0
SRX5252049	11998983.0	9598111	99.07735034107307	100	99.44	45.0	1.5064128016209297	12066036.0	79.54651386752037	76.92087253101667	20.0
SRX5252050	9588313.0	7566580	99.18746190500995	100	99.49	44.0	1.4030628824511286	9637094.0	78.51516235080824	74.36092490081045	20.0
SRX5252051	7762687.0	6103745	95.52144880583324	100	93.88	44.0	4.967474919500193	8269155.0	73.81340656935322	73.25433545597184	40.0
SRX5252052	11034581.0	5855925	99.08606117244518	100	99.23	43.0	1.4522546839985364	11119974.0	52.66131917214915	76.88012048235008	20.0
SRX5252053	15264074.0	9343191	99.1481694919661	100	99.22	45.0	1.2675696174345152	15384800.0	60.73001273984712	81.73130896496043	30.0
SRX5252054	11135913.0	6542861	98.96185122972808	100	99.2	45.0	1.5540410623801795	11226181.0	58.28216202820889	76.50421551911596	20.0
SRX5252055	13425894.0	8061648	99.06094636996434	100	99.22	44.0	1.395842954868089	13531093.0	59.578690354134736	80.62264478039619	20.0
SRX5252056	15624837.0	9943506	99.17153415611506	100	99.11	46.0	1.2272273275273546	15764732.0	63.07437386185823	82.15765573426921	20.0
SRX5252057	13926329.0	8711134	98.89424301474155	100	98.99	45.0	1.4986690006757468	14068735.0	61.918388540263216	80.43257332063378	20.0
SRX5252058	15636071.0	11434487	99.04848692687422	100	98.99	46.0	1.3110183426661153	15796031.0	72.38835502411966	84.3714665010346	20.0
SRX5252059	15278446.0	11675381	98.98955661984331	100	98.8	48.0	1.3621339245507393	15463863.0	75.5010633500827	85.60983439349025	20.0
SRX5252060	10839690.0	8560843	99.04372394884749	100	99.16	44.0	1.510034842321991	10931858.0	78.31096049729149	75.45256233564476	20.0
SRX5252061	13176153.0	8324374	99.10318456302049	100	99.06	45.0	1.2920570507178213	13301825.0	62.58069099540853	79.6659022817607	20.0
SRX5329169	5890777.0	8623407	99.11697757593372	100	20.54	53.0	0.6314136660210191	28674282.0	15.036831610988552	93.00403046578592	30.0
SRX5329170	25724646.0	44709535	99.08948314983012	100	83.57	49.0	0.8902543305370143	30781203.0	72.62473627167853	92.39856026238365	20.0
SRX5329171	27324686.0	46870377	99.06759627052492	100	82.06	49.0	0.7291686220424312	33298198.0	70.37974997926314	92.60216013963122	20.0
SRX5329172	28269452.0	46661094	99.06229570036936	100	80.23	49.0	0.7827684884398752	35236236.0	66.21180253191629	92.27057368348343	20.0
SRX5329173	4122515.0	6074292	99.02181496890606	100	13.4	53.0	1.3307919053307802	30766764.0	9.871515899429657	94.85336620169672	30.0
SRX5329174	32151288.0	56638517	98.96987204399807	100	90.26	49.0	4.32417892998432	35621932.0	79.49950187990926	92.8123474885812	20.0
SRX5329175	21126064.0	35145870	99.08576739710118	100	64.01	50.0	0.6727380343932392	33003415.0	53.24580804743994	93.07848824714452	30.0
SRX5329176	6983139.0	10462682	99.04047778784688	100	20.67	53.0	0.7283152374724169	33783195.0	15.485039233263755	94.86554092655376	20.0
SRX5329177	28403643.0	48851758	99.03273645926004	100	87.18	49.0	1.1934406353846545	32582082.0	74.96721357462668	92.49053045942364	20.0
SRX5329178	5307443.0	7488934	99.02640105140327	100	18.55	53.0	1.002389827115634	28610906.0	13.087551299493978	93.10694573071842	20.0
SRX5329179	6718061.0	10369214	99.10478213526787	100	21.37	53.0	0.6583170805347107	31438613.0	16.49120780232894	93.35163108577076	30.0
SRX5329180	12218855.0	18946904	98.97936138731173	100	33.17	51.0	0.9955232627975362	36840170.0	25.71500620111145	91.6990715208015	30.0
SRX5329181	22850869.0	32657847	98.79312149657825	100	72.15	48.0	0.7761874637276469	31671715.0	51.55680233924813	88.60336917433557	30.0
SRX5329182	24758431.0	42116605	98.86660170888705	100	89.94	48.0	0.7301169382438032	27527624.0	76.49880171278132	89.88836642715137	30.0
SRX5329183	29688233.0	45676261	98.88790811326189	100	77.93	48.0	1.0858783477443898	38096379.0	59.94829718593465	90.57257152131001	20.0
SRX5329184	15258946.0	24092674	98.95997221275255	100	37.61	52.0	1.0440762584375822	40576887.0	29.687681561180383	92.82181319139436	30.0
SRX5329185	2805214.0	3494126	98.91624624562839	100	12.47	53.0	0.8292449278050624	22503433.0	7.763539900778695	92.744874491414	40.0
SRX5329186	1360545.0	1598452	99.04160362222271	100	5.67	53.0	0.6860092241242217	23989690.0	3.331539507179959	94.25375935425568	30.0
SRX5329187	14901203.0	23804789	98.84900419144684	100	54.98	49.0	1.3024675657665739	27101143.0	43.918422555092974	89.96452263900277	40.0
SRX5329188	15095751.0	23216903	98.98187646994222	100	45.63	51.0	0.9822234393382127	33080807.0	35.09119804725441	93.1206568271004	30.0
SRX5329189	8267999.0	9435369	99.03839349832958	100	26.99	52.0	2.608708949342056	30632374.0	15.400975778109787	92.98441776723953	30.0
SRX5329190	5671067.0	7163475	98.9808080495171	100	15.41	53.0	1.0475048982223323	36800220.0	9.732924150996922	92.67437008100052	40.0
SRX5329191	6528245.0	9395642	98.96736368772744	100	17.47	53.0	0.7492401146059634	37378641.0	12.568196366475709	93.33507701278029	30.0
SRX5329192	8912819.0	12534295	98.47468553582453	100	26.68	52.0	3.029113366183157	33401102.0	18.763295594259137	91.76745467741581	40.0
SRX5329193	15316384.0	25040439	98.96041081195334	100	43.51	51.0	1.0707238439993423	35199560.0	35.56925001335244	91.57454452622451	30.0
SRX5329194	11608218.0	18517956	99.01768585528801	100	31.89	52.0	0.9612736907166134	36402650.0	25.43490103055684	92.54302040989076	20.0
SRX6700162	35398234.0	61689032	120.65768625734015	126	95.41	48.0	4.356176873159794	37101464.0	83.13557653681805	91.06184342679452	20.0
SRX6700163	32572429.0	56017804	121.31670124461765	126	95.98	49.0	6.943490822603512	33936848.0	82.53242021769375	91.03573146665538	20.0
SRX6700164	39452192.0	68234509	119.73847443877554	126	95.3	48.0	7.4378340553933455	41397919.0	82.4129698403439	91.76630595993942	20.0
SRX6700165	40619062.0	68454596	121.55444670519888	126	96.05	49.0	3.6591564683164863	42288243.0	80.93809430673201	91.1954818744497	20.0
SRX6700166	34412876.0	58241784	119.50268460422892	126	94.32	48.0	5.279267710072293	36483590.0	79.81915156923975	90.18706234437526	20.0
SRX6700167	33199317.0	56488770	120.48711606161609	126	94.94	48.0	6.92083702112212	34967297.0	80.77371550909412	89.97649901589348	20.0
SRX6700168	38116464.0	65047579	118.84963998556407	122	95.97	47.0	6.23216974325355	39717574.0	81.88765381289402	91.4791139443563	20.0
SRX6700169	33557083.0	57042023	118.45489771343962	122	95.64	47.0	4.570477001045129	35086281.0	81.2882149008611	90.4856634461178	20.0
SRX6700170	39348271.0	66985338	120.2483912004686	126	96.01	47.0	6.801618964264698	40981955.0	81.72540573040013	91.01118079960497	20.0
SRX6700171	42227285.0	65559582	120.75024725492754	126	95.4	48.0	4.278876839879561	44265043.0	74.053448903235	89.28666994394978	20.0
SRX6700172	38393877.0	59396997	120.99082728624973	126	95.59	47.0	4.093445192568234	40166194.0	73.9390406270507	88.33235992181505	20.0
SRX6700173	33377965.0	50428646	121.23119781698229	126	95.43	47.0	6.279590417773752	34976537.0	72.08924943026807	87.03382794405968	20.0
SRX6700174	39128944.0	67467324	121.42599204166342	126	95.66	48.0	6.660009277227756	40903020.0	82.47230155621762	91.41695115159514	20.0
SRX6700175	34855058.0	60475496	120.8564320270437	126	95.61	48.0	4.210824440432123	36455366.0	82.94457392088725	90.574280846364	20.0
SRX6700176	39495790.0	67768966	120.09623610522425	126	95.93	47.0	4.788528138106773	41172219.0	82.29938493234965	91.36743813513063	20.0
SRX6700177	27856352.0	47915265	121.11009598662808	126	95.32	47.0	6.263906671393182	29225425.0	81.97530917001207	89.80192482450146	20.0
SRX6700178	27708114.0	48300995	118.41169371112196	122	94.91	47.0	6.740898732423968	29193538.0	82.72549048354469	89.90381953082891	20.0
SRX6700179	34422194.0	55247065	118.51173232486778	122	85.51	48.0	3.620302961429022	40257068.0	68.61784494588628	91.71910686651337	20.0
SRX6700180	37413300.0	55319605	118.21875119225523	122	77.96	49.0	6.740763017003356	47992031.0	57.63415701244233	92.9862163268162	20.0
SRX6700181	32708630.0	56536828	118.69242009821666	122	96.96	47.0	3.9856015420495527	33734197.0	83.79750079718808	91.62396330056094	20.0
SRX6700182	37042540.0	57500553	117.78666429219723	122	84.43	48.0	4.663894727117205	43872257.0	65.53179267708977	92.7238253583732	20.0
SRX6700183	28948132.0	44078266	118.42744867151734	122	96.17	47.0	6.5028077177653865	30100393.0	73.21875498436184	90.13983133942719	20.0
SRX6700184	38187663.0	57836811	118.50451310858567	122	95.47	47.0	6.625248878723824	40000921.0	72.29434917261031	90.49789490975462	20.0
SRX6700185	37051602.0	57253600	117.65687755709901	122	96.04	48.0	4.435032062752335	38579607.0	74.20189635420599	90.24404726255653	20.0
SRX6922015	8238974.0	14462756	147.5457595994488	150	87.16	48.0	1.365377301013977	9452574.0	76.50168091781137	81.59411075497214	20.0
SRX6922016	5070006.0	9070476	147.51412925664124	150	87.17	49.0	1.3709467097528218	5816088.0	77.97746526531235	79.6321717738564	20.0
SRX6922017	9786609.0	17246743	148.11814439210087	150	91.27	48.0	2.0988685532709606	10722955.0	80.41973038215679	83.11433965325529	20.0
SRX6922018	7530674.0	13237039	146.377436250887	150	93.02	47.0	2.200035422443473	8095995.0	81.75053838348467	79.39268945827148	20.0
SRX6922019	13310222.0	22815635	147.2656017529848	150	91.87	46.0	1.0250334669437053	14487747.0	78.74114242884004	81.98004445065965	20.0
SRX6922020	8056759.0	13610696	147.16850397273723	150	90.94	46.0	1.6439194373706678	8859257.0	76.81623865297055	78.79933352959328	20.0
SRX6922021	9995226.0	16925139	147.23093437630416	150	91.24	46.0	1.0407267388518346	10955372.0	77.24584340905996	80.47149929971171	20.0
SRX6922022	8776870.0	15492820	146.12238658082927	150	87.26	48.0	1.4061611096419697	10058088.0	77.01672524638877	74.27033639324179	20.0
SRX6922023	8170696.0	14511626	146.25456529860313	150	92.08	48.0	2.3286498866404948	8873735.0	81.76729415516691	79.44249285793762	20.0
SRX6922024	8915744.0	15704698	146.34825342756426	150	93.19	47.0	2.218980271028632	9566852.0	82.0787130395662	80.57521415182862	20.0
SRX6922025	8739333.0	15346355	146.24624582160806	150	92.85	47.0	1.2123693673113918	9412712.0	81.51930601934914	80.66583141782804	20.0
SRX6922026	10772079.0	18919672	144.75873175650955	150	90.31	48.0	1.4889105593018714	11927268.0	79.31268082514788	78.60004284322638	20.0
SRX6922027	10822163.0	19020019	144.5465454457032	150	90.43	48.0	3.571513364295292	11967347.0	79.46631362824192	78.66165801644844	20.0
SRX6922028	9010270.0	15861451	147.2537625448721	150	90.52	48.0	3.5871492390768283	9953569.0	79.67720422694613	80.73304408612977	20.0
SRX6922029	8751273.0	15373944	147.99270211811032	150	92.88	48.0	1.0164998447355098	9422597.0	81.5801843164894	82.4367400522179	20.0
SRX7101023	35651876.0	61165316	117.25444866027775	122	93.05	49.0	4.707782839964801	38313501.0	79.82214415748642	91.21957885006128	20.0
SRX7101024	34525039.0	60582158	112.72233989374516	122	98.22	48.0	5.938443152474326	35152468.0	86.1705613386804	91.31716217052336	20.0
SRX7101025	35495328.0	62191080	113.79367647609408	122	98.29	48.0	10.339701837635962	36111384.0	86.11007542663	91.57648459424438	20.0
SRX7101026	31231513.0	55597451	117.92148036299093	122	98.01	48.0	7.168519524401795	31867022.0	87.2335215383477	92.14712636087818	20.0
SRX7101027	35203196.0	63057772	114.13648704279825	122	98.13	48.0	4.798419243298321	35873332.0	87.88948291728241	93.06156579680241	20.0
SRX7101028	37431033.0	67442571	119.87208388927006	126	97.92	49.0	4.996346653232848	38226772.0	88.21379294071704	92.65146745053161	20.0
SRX7101029	39846758.0	69920818	120.51409001642037	126	97.6	49.0	7.17635083877344	40827951.0	85.6286150632443	90.22318000320597	20.0
SRX7101030	35322906.0	62318591	118.1650701834668	122	97.66	48.0	3.823583647956778	36168561.0	86.15022173539057	90.82505858026931	20.0
SRX7101031	33949252.0	59590676	118.30874620957023	122	97.16	48.0	6.865902813564233	34941948.0	85.2709700100292	90.54243616508364	20.0
SRX7101032	37146022.0	63612704	118.39910012620906	122	97.21	48.0	6.632430949876424	38213581.0	83.23311023900115	91.56848658526945	20.0
SRX7101033	36591992.0	63952976	117.2750111688126	122	96.81	48.0	4.809904338528383	37797214.0	84.60011893998325	91.41731903647295	20.0
SRX7101034	37730987.0	64122414	117.066607705697	122	94.06	48.0	5.137644134992485	40113542.0	79.92614314637187	91.54666776541559	20.0
SRX7101035	29105249.0	42154006	118.25656748396587	122	85.24	46.0	6.901708088207468	34143555.0	61.73054621875197	80.97323221248459	20.0
SRX7101036	69311253.0	30566091	110.3971407669261	122	87.57	49.0	7.255560332177617	79149686.0	38.6180824520264	88.4853235010426	20.0
SRX7101037	60115678.0	27206699	107.53157280164767	122	84.33	49.0	7.2418603328399636	71286230.0	38.16543391339393	86.67818096705165	20.0
SRX7101038	71781137.0	32214415	111.60607920997666	122	89.94	48.0	6.917494425832683	79810502.0	40.36362908730984	88.69925089768088	20.0
SRX7101039	71394936.0	32020682	109.84260114674237	122	88.24	49.0	7.24512133761931	80913728.0	39.573855749175216	88.85096298471996	20.0
SRX7101040	74481594.0	33283512	110.56085147484013	122	89.76	49.0	7.517294076751792	82979739.0	40.1104081563814	89.48545603059766	20.0
SRX7101041	60174130.0	26510459	112.56772483865493	122	86.43	49.0	5.464782984916902	69618645.0	38.07953889363977	87.99967411576115	20.0
SRX7551986	6262884.0	11018536	147.69705263762734	150	92.75	48.0	1.2589743900883417	6752546.0	81.5880113959979	77.7158937096138	20.0
SRX7551987	5948210.0	10529610	147.63736828811045	150	92.69	48.0	0.913650000747239	6417511.0	82.03811415360254	76.92605519640651	20.0
SRX7551988	4007058.0	6981791	147.85587799674303	150	94.04	48.0	1.0722495117050854	4261001.0	81.92665291559425	76.49759664053242	20.0
SRX7551989	5437257.0	9484033	147.92473846203782	150	93.88	49.0	1.4000801118668031	5791989.0	81.87198732594278	78.27045409150145	20.0
SRX7551990	5664993.0	9925061	147.196373740767	150	93.98	48.0	1.2106825371752332	6027975.0	82.32500134788216	77.28147511520103	20.0
SRX7551991	4978405.0	8739588	147.44576764715595	150	94.49	48.0	1.4480914136764664	5268866.0	82.93613844041583	75.52176946084474	20.0
SRX8694706	3676695.0	6596554	148.4615238600032	150	96.0	48.0	0.6923633270405577	3829945.0	86.11812963371537	76.98927774891918	20.0
SRX8694707	4197521.0	7577579	148.58482386774236	150	95.6	48.0	0.5909693865702002	4390763.0	86.29000244376661	77.34254925904867	20.0
SRX8694708	4200735.0	7512899	148.48578742718038	150	95.96	49.0	0.6280692418634872	4377427.0	85.81409809918019	83.91869938450844	20.0
SRX8694709	4107005.0	7374490	148.42477885700697	150	96.8	49.0	0.6533767600469835	4242843.0	86.90505399327762	83.77987183594456	20.0
SRX8694710	5133554.0	9287092	148.50991642278063	150	96.58	48.0	0.6634943296262334	5315324.0	87.3614853958103	82.23348445646253	20.0
SRX8694711	4045757.0	7256928	148.5446506121689	150	97.07	48.0	0.6400177711546429	4167804.0	87.05937227374416	81.58471802355709	20.0
SRX8694712	4713961.0	8613101	148.51484911593718	150	95.11	48.0	0.664688932447091	4956322.0	86.89004669188161	80.18669338721598	20.0
SRX8694713	3708688.0	6784710	148.44126242114845	150	95.87	49.0	0.7005194563995853	3868503.0	87.6916729804785	79.24756211825266	20.0
SRX8694714	4021708.0	7318381	148.54268763842444	150	96.18	48.0	0.6529831810975625	4181433.0	87.51044199440719	80.83441060493313	20.0
SRX8694715	4257324.0	7610183	148.4707102038901	150	96.05	48.0	0.6857130310569478	4432192.0	85.8512334303207	80.14716767658958	20.0
SRX8694716	3967777.0	7009862	148.39445535068612	150	96.09	48.0	0.7489998390833205	4129134.0	84.88295608716017	80.2750313541139	20.0
SRX8694717	4750416.0	8475477	148.39126839865358	150	95.85	48.0	0.7358346059423563	4956273.0	85.50252377139032	81.55510371055358	20.0
SRX8694718	4077911.0	7472103	148.47465756465417	150	95.79	49.0	0.632581501189153	4257227.0	87.75786445026304	84.59918114993759	20.0
SRX8694719	3966901.0	6817792	148.39318398249395	150	95.69	49.0	0.7186878333722776	4145764.0	82.22600225193716	85.11403082944179	20.0
SRX8694720	3604379.0	6556875	148.34315959087198	150	96.16	49.0	0.7270826210005571	3748460.0	87.46091728336437	85.12606465388798	20.0
SRX8694721	4011932.0	7191146	148.3528131186245	150	96.1	49.0	0.7270832854358417	4174584.0	86.13009104619765	85.66129496547074	20.0
SRX8694722	4498516.0	8166369	148.37768663379666	150	95.75	49.0	0.722554628600415	4698305.0	86.90760816932915	87.24907124742249	20.0
SRX8694723	4161959.0	7685466	148.58722897875555	150	96.69	49.0	0.5590283681683105	4304229.0	89.27807976759601	85.14920721886182	20.0
SRX8694724	4039680.0	7384755	148.44755465292326	150	95.79	49.0	0.6492211657811716	4217295.0	87.55321835441913	85.01036166831622	20.0
SRX8694725	4216526.0	7700424	148.37978755471767	150	96.14	49.0	0.7005952942710506	4385694.0	87.79025622854672	85.51408134512081	20.0
SRX8694726	5031564.0	9347514	148.63306755644646	150	96.39	50.0	0.5231985160774345	5220168.0	89.53269320067861	88.01941612381026	20.0
SRX8694727	5218005.0	9662157	148.48059475032176	150	96.57	49.0	0.6292816479364711	5403074.0	89.41351719410099	87.37197669012892	20.0
SRX8694728	5075592.0	9400302	148.56612006366012	150	96.83	49.0	0.6377555373715756	5241586.0	89.67039747129971	83.44052224558352	20.0
SRX8694729	12195148.0	22575878	148.58303770973717	150	97.22	49.0	0.6116680734987876	12543259.0	89.99207462749513	89.00111160089114	20.0
